Trinucleotide.Change	WT2_10	WT3_7	WT3_8	LKO1_1	LKO2_11	LKO4_12	UL3_5	UL4_7	UL5_14	YE3_10	YT1_1	BAM3_5
A[C>A]A	3	2	5	17	12	16	5	5	4	8	4	4
A[C>A]C	3	1	2	10	11	26	3	5	4	7	5	2
A[C>A]G	1	1	0	4	2	10	1	1	1	2	2	3
A[C>A]T	5	4	3	8	4	18	3	1	4	5	4	2
C[C>A]A	1	1	6	6	10	8	4	0	1	2	4	6
C[C>A]C	2	1	3	12	3	22	5	3	8	5	5	5
C[C>A]G	1	0	0	2	4	6	0	1	1	3	2	4
C[C>A]T	3	3	9	4	11	26	4	3	7	3	8	9
G[C>A]A	0	4	0	10	8	14	1	3	5	3	2	2
G[C>A]C	3	0	5	6	8	11	2	0	8	3	6	7
G[C>A]G	0	1	0	1	4	2	0	1	2	3	1	1
G[C>A]T	2	2	10	11	11	9	7	6	5	6	8	6
T[C>A]A	2	5	7	18	5	19	3	2	1	2	2	8
T[C>A]C	3	6	7	18	7	13	5	5	5	6	2	7
T[C>A]G	1	0	1	6	0	8	0	0	2	1	0	1
T[C>A]T	7	5	4	24	12	42	7	3	7	6	5	5
A[C>G]A	1	0	0	6	14	14	1	2	4	3	3	7
A[C>G]C	2	2	2	6	5	10	3	2	2	4	1	5
A[C>G]G	1	0	1	5	4	6	0	0	1	4	1	2
A[C>G]T	3	2	3	3	11	11	5	1	7	0	6	7
C[C>G]A	0	1	4	4	1	1	2	0	0	2	3	2
C[C>G]C	0	0	2	4	5	10	0	0	0	1	3	2
C[C>G]G	0	0	0	3	3	9	0	0	0	3	2	3
C[C>G]T	0	2	2	3	4	6	0	1	0	1	0	3
G[C>G]A	3	0	2	3	4	8	0	1	3	1	3	0
G[C>G]C	2	1	1	0	2	7	1	1	2	1	6	5
G[C>G]G	0	1	2	1	5	4	0	0	0	3	2	5
G[C>G]T	3	2	3	4	5	9	2	4	7	4	1	3
T[C>G]A	0	1	0	3	2	8	0	0	2	2	2	2
T[C>G]C	0	0	1	3	1	3	1	0	0	2	0	0
T[C>G]G	0	0	0	0	1	5	0	0	1	1	0	3
T[C>G]T	2	3	1	8	6	13	5	0	0	6	2	4
A[C>T]A	8	6	19	35	32	62	16	11	14	21	25	31
A[C>T]C	7	2	18	23	25	40	7	8	20	20	29	30
A[C>T]G	6	4	10	25	39	55	15	7	7	23	15	24
A[C>T]T	8	7	17	28	24	40	9	7	10	20	5	22
C[C>T]A	12	15	40	28	51	43	10	23	20	22	42	36
C[C>T]C	16	10	30	30	35	44	9	12	24	26	39	34
C[C>T]G	11	6	20	28	39	52	10	18	22	29	18	26
C[C>T]T	4	5	9	19	16	56	6	8	19	16	17	33
G[C>T]A	45	34	83	63	60	128	11	56	95	56	126	108
G[C>T]C	42	23	94	78	53	118	30	53	121	70	136	149
G[C>T]G	17	5	18	32	41	56	17	21	19	24	29	30
G[C>T]T	31	13	60	49	55	101	8	30	61	44	98	66
T[C>T]A	9	6	12	28	25	35	4	12	12	18	26	15
T[C>T]C	6	7	17	35	28	67	9	12	17	21	25	38
T[C>T]G	4	0	6	18	17	29	10	8	6	21	8	18
T[C>T]T	8	0	14	35	29	44	7	8	8	22	10	27
A[T>A]A	0	1	0	2	6	9	0	1	1	2	1	5
A[T>A]C	3	5	5	4	2	11	1	2	3	2	3	3
A[T>A]G	2	1	4	7	9	11	1	1	3	4	4	5
A[T>A]T	3	0	4	10	5	12	1	1	4	5	10	8
C[T>A]A	1	0	0	6	6	5	2	0	0	1	1	4
C[T>A]C	3	1	2	5	7	15	2	2	3	8	2	6
C[T>A]G	4	0	9	8	5	8	1	3	6	5	10	2
C[T>A]T	4	9	10	9	8	21	6	2	9	5	9	4
G[T>A]A	0	0	1	1	2	5	1	2	1	3	3	2
G[T>A]C	0	1	2	4	3	8	0	1	3	1	1	4
G[T>A]G	1	0	3	4	5	8	2	0	4	7	1	7
G[T>A]T	1	5	6	6	5	13	2	4	7	5	7	3
T[T>A]A	0	0	1	10	2	14	0	0	2	7	3	6
T[T>A]C	1	1	0	1	6	7	0	0	1	3	2	3
T[T>A]G	0	0	1	0	1	1	0	0	1	1	0	0
T[T>A]T	1	1	1	9	6	14	4	0	1	3	2	4
A[T>C]A	6	2	8	18	30	48	1	7	3	24	11	19
A[T>C]C	2	2	8	20	29	23	2	1	9	19	11	9
A[T>C]G	7	1	18	21	48	63	2	1	13	24	14	25
A[T>C]T	1	4	2	15	17	48	1	2	5	17	3	13
C[T>C]A	6	2	6	9	21	25	3	8	13	14	11	23
C[T>C]C	9	11	23	22	27	61	8	15	16	17	24	26
C[T>C]G	17	9	36	35	41	71	13	23	44	27	40	51
C[T>C]T	5	5	12	27	22	45	6	6	8	9	9	21
G[T>C]A	4	4	7	10	18	28	4	5	12	6	10	15
G[T>C]C	4	4	9	12	22	40	6	3	12	20	16	19
G[T>C]G	8	3	16	12	39	53	9	13	26	16	21	30
G[T>C]T	3	4	8	12	36	36	2	2	3	13	11	15
T[T>C]A	1	1	6	8	23	18	3	2	5	10	9	19
T[T>C]C	2	7	12	17	22	50	2	6	10	17	16	25
T[T>C]G	5	4	11	15	24	31	2	6	13	22	19	17
T[T>C]T	1	0	4	18	25	42	4	4	4	10	7	15
A[T>G]A	0	0	0	3	5	6	1	1	0	2	3	0
A[T>G]C	1	1	0	2	4	7	0	0	0	4	1	1
A[T>G]G	2	0	3	3	5	12	0	2	2	4	2	4
A[T>G]T	0	0	1	3	5	8	1	0	2	0	0	5
C[T>G]A	0	0	1	1	0	6	0	0	0	4	0	1
C[T>G]C	0	1	0	0	3	6	2	0	2	2	2	4
C[T>G]G	0	0	3	6	8	8	1	2	3	3	4	0
C[T>G]T	1	1	1	7	4	10	1	2	2	1	1	1
G[T>G]A	0	0	1	2	3	9	1	0	3	0	0	1
G[T>G]C	0	0	2	0	5	7	0	1	0	1	2	5
G[T>G]G	1	0	3	4	6	8	0	0	1	1	5	2
G[T>G]T	0	0	1	7	4	7	1	1	1	4	0	4
T[T>G]A	0	0	1	4	5	7	0	0	0	3	0	3
T[T>G]C	0	0	0	5	5	6	0	0	0	2	2	7
T[T>G]G	0	2	1	4	3	11	0	0	1	7	2	3
T[T>G]T	1	1	1	4	12	12	2	1	3	8	1	3
