Gene.ID	logFC	logCPM	F	PValue	FDR
ENSMUSG00000087177	5.1743709064735	-0.230429932761189	82.3525722553827	4.69682607065158e-06	0.056845685933096
ENSMUSG00000032366	-8.39660478118186	-0.584962693080479	87.2271140950814	4.32751353530802e-05	0.261879481589165
ENSMUSG00000024985	8.00562454919388	-0.564498590520761	52.2572658655081	0.000107462092952783	0.390491730713843
ENSMUSG00000039952	2.77800474178812	0.519373966734257	30.4714729576806	0.000281900857430297	0.390491730713843
ENSMUSG00000052581	6.59991284218713	-1.76004939963857	36.00826794366	0.000371813565728254	0.390491730713843
ENSMUSG00000029772	-0.906223555390895	7.4504648434428	28.1817745759295	0.000377787971172783	0.390491730713843
ENSMUSG00000095184	-0.847051277732154	6.89400911195246	27.5096594884007	0.000413128313047634	0.390491730713843
ENSMUSG00000020413	7.40087943628218	-1.09953586591024	34.3682215658714	0.000432312355110805	0.390491730713843
ENSMUSG00000042709	6.4093909361377	-1.90689078796784	32.8971700201668	0.000497496623867633	0.390491730713843
ENSMUSG00000081564	-0.905373201835608	5.12101520860204	25.4397011448636	0.000550083182790599	0.390491730713843
ENSMUSG00000042626	-6.75042785397277	-1.95935820786198	37.3352289056954	0.000570183808785586	0.390491730713843
ENSMUSG00000021870	1.62289469624699	1.70360680486045	24.7598536077597	0.000606643102852211	0.390491730713843
ENSMUSG00000018585	-1.18627801891993	2.39949645602374	23.971354979713	0.000681299405552574	0.390491730713843
ENSMUSG00000007815	2.62678267641578	0.124958078071498	23.6281549287614	0.000717236593070242	0.390491730713843
ENSMUSG00000069208	-0.896431949526923	5.4476734554018	23.3349216681156	0.000749768851280587	0.390491730713843
ENSMUSG00000019841	1.6235223472522	0.495207655603504	22.9035322267015	0.000800932361855962	0.390491730713843
ENSMUSG00000027762	-0.942211155335649	3.04064179213802	22.2667076988679	0.000884400958242628	0.390491730713843
ENSMUSG00000001918	-6.55969574211072	-2.09953586591024	31.9272413511722	0.000893773176033477	0.390491730713843
ENSMUSG00000035299	1.68070466546881	1.34103672547574	22.1518437307231	0.000900554775944769	0.390491730713843
ENSMUSG00000030492	2.49903232193398	-0.304854773887743	22.1456818699799	0.000901431375071213	0.390491730713843
ENSMUSG00000018583	-1.16353407123476	2.23703900494153	22.0923433547906	0.000909062665396076	0.390491730713843
ENSMUSG00000029190	1.72276685832866	4.1922691348215	21.3236193540399	0.00102821770014774	0.390491730713843
ENSMUSG00000020537	6.14974711950468	-2.09953586591024	25.9478056036707	0.00104603729436353	0.390491730713843
ENSMUSG00000023995	6.14974711950468	-2.09953586591024	25.9478056036707	0.00104603729436353	0.390491730713843
ENSMUSG00000030602	6.14974711950468	-2.09953586591024	25.9478056036707	0.00104603729436353	0.390491730713843
ENSMUSG00000055296	6.14974711950468	-2.09953586591024	25.9478056036707	0.00104603729436353	0.390491730713843
ENSMUSG00000089407	2.10068936816729	1.83264874986219	21.2164942769282	0.00104628357428381	0.390491730713843
ENSMUSG00000028619	1.7364210781979	1.39949645602374	20.8304689382407	0.00111464704597951	0.390491730713843
ENSMUSG00000089197	1.72898439438144	2.60542641092155	20.6117946973153	0.00115576885087026	0.390491730713843
ENSMUSG00000027469	4.56847437793259	-1.85626471489787	20.4746525886418	0.00118249500097397	0.390491730713843
ENSMUSG00000065061	-1.18527924831935	1.41761125058335	20.2102671873898	0.00123615775303779	0.390491730713843
ENSMUSG00000081107	-1.18527924831935	1.41761125058335	20.2102671873898	0.00123615775303779	0.390491730713843
ENSMUSG00000086460	-1.18527924831935	1.41761125058335	20.2102671873898	0.00123615775303779	0.390491730713843
ENSMUSG00000087342	-1.18527924831935	1.41761125058335	20.2102671873898	0.00123615775303779	0.390491730713843
ENSMUSG00000098906	-1.18527924831935	1.41761125058335	20.2102671873898	0.00123615775303779	0.390491730713843
ENSMUSG00000000276	-0.975905053439656	3.62504759015465	20.1667084968577	0.0012452789668596	0.390491730713843
ENSMUSG00000025485	2.03634184706372	-0.669851590666992	20.1440138949272	0.00125006345229073	0.390491730713843
ENSMUSG00000061536	1.46450351466468	2.10593325238974	20.0574628715803	0.00126851530234025	0.390491730713843
ENSMUSG00000010608	1.10013997537278	3.14295776148272	19.9710291506515	0.00128727164226449	0.390491730713843
ENSMUSG00000023795	-1.0835356114147	3.99440712566109	19.7907917985227	0.00132747337318757	0.390491730713843
ENSMUSG00000047495	1.94092076724598	-0.0776210894817964	19.734980050035	0.00134022868642266	0.390491730713843
ENSMUSG00000038965	-1.00499709740398	3.06547364511796	19.6707580957538	0.00135508986945232	0.390491730713843
ENSMUSG00000029403	1.26916651757741	0.982721816208842	19.4330233174461	0.00141186469378253	0.397390660205814
ENSMUSG00000103177	-0.941718989892744	2.05228319857342	19.3002813086865	0.00144481648831811	0.397423044502594
ENSMUSG00000022053	-2.05535622498237	-0.881355695860704	18.7475967964272	0.00159241767176526	0.428263710953687
ENSMUSG00000039108	-1.75002174699165	-0.932885996500786	18.436571778799	0.00168349955914966	0.428263710953687
ENSMUSG00000025781	1.5747305781102	-0.152003285804372	18.2358106138911	0.00174564421221678	0.428263710953687
ENSMUSG00000046201	-1.09220849831798	2.41374861095095	18.1618160638888	0.00176924609994913	0.428263710953687
ENSMUSG00000068141	-1.09220849831798	2.41374861095095	18.1618160638888	0.00176924609994913	0.428263710953687
ENSMUSG00000088244	-1.09220849831798	2.41374861095095	18.1618160638888	0.00176924609994913	0.428263710953687
ENSMUSG00000027259	-1.10550158224589	1.79354893017325	17.7220368027825	0.00191776469446389	0.443256909584485
ENSMUSG00000026931	-1.3879256536616	0.080170156324662	17.6209616580634	0.00195400269619824	0.443256909584485
ENSMUSG00000050240	-1.00447774873761	2.07691717852957	17.5450849140604	0.00198175149559733	0.443256909584485
ENSMUSG00000031918	2.12758805488485	-0.0703895202507196	17.4606890505484	0.00201317769258649	0.443256909584485
ENSMUSG00000042772	1.06872505782589	1.65207650422037	17.4576920306888	0.00201430472008152	0.443256909584485
ENSMUSG00000041650	0.876563740240059	3.07202391762302	17.0007540932415	0.0021954344587784	0.472611289451592
ENSMUSG00000034486	1.3360692632701	0.351843480432328	16.7833497898486	0.00228850678936009	0.472611289451592
ENSMUSG00000076281	-1.16712438046971	2.34103672547575	16.6610851858607	0.00234294615938986	0.472611289451592
ENSMUSG00000097111	-1.16712438046971	2.34103672547575	16.6610851858607	0.00234294615938986	0.472611289451592
ENSMUSG00000102617	-1.16712438046971	2.34103672547575	16.6610851858607	0.00234294615938986	0.472611289451592
ENSMUSG00000038866	3.99468620010353	-0.438121304751207	16.5752306614538	0.00238211136433173	0.472634325286998
ENSMUSG00000042678	5.83289001416474	-2.32192828724669	19.3887228724761	0.00248315514634233	0.484735915099698
ENSMUSG00000030493	2.47508488294878	-1.19068375396843	16.2260304544416	0.00254980318164747	0.489845522340943
ENSMUSG00000039298	6.06608919045777	-2.15965685834781	19.0871134424281	0.00259710080689081	0.491136110403117
ENSMUSG00000087211	0.91961890045144	1.64988894498261	15.7179553254202	0.00282007496493188	0.525097958470316
ENSMUSG00000030400	-1.77034173137125	0.330148409333008	15.4314421243724	0.00298778144037522	0.533919336421013
ENSMUSG00000014444	-3.08528518794497	-1.78350837246256	15.3986040584027	0.00300776430860732	0.533919336421013
ENSMUSG00000074221	6.02236781302845	-2.19068375396843	17.9946133799498	0.00306936993827691	0.533919336421013
ENSMUSG00000089911	6.02236781302845	-2.19068375396843	17.9946133799498	0.00306936993827691	0.533919336421013
ENSMUSG00000022698	1.62260015808452	-0.410464961848341	15.2202088153276	0.00311919310602554	0.533919336421013
ENSMUSG00000056952	-1.85349934406902	-0.69187789699699	15.1999843696454	0.00313213855125935	0.533919336421013
ENSMUSG00000018697	0.903766750921641	1.55954988918882	14.8769558063646	0.00334799387571398	0.562788470524532
ENSMUSG00000032179	-1.26205663890996	0.514572980470436	14.6972425649815	0.00347587913937637	0.57628171539551
ENSMUSG00000018698	0.908817186200935	1.52176848187464	14.5639713837462	0.00357454762441485	0.584631755382336
ENSMUSG00000046808	-2.14383577257365	-1.39231761513808	14.4259534233485	0.00368032790727289	0.58746909327345
ENSMUSG00000078681	1.65478395021873	0.245756222042636	14.4148852475305	0.00368897389810644	0.58746909327345
ENSMUSG00000096434	-1.00344072436135	1.09953548119159	14.1912769576907	0.00386903205076881	0.604633743147463
ENSMUSG00000086497	-1.45220729186938	-0.466318196581859	14.1580674620284	0.0038966728881684	0.604633743147463
ENSMUSG00000079469	1.72052648345629	-0.485427019529564	13.7112986549189	0.00429282938003156	0.654868758908187
ENSMUSG00000064036	-1.80875627723422	-1.04182036805395	13.6733924274165	0.00432863758676816	0.654868758908187
ENSMUSG00000071796	1.23071668556106	0.0473055224190359	13.4172140724044	0.00458035978467959	0.684396228073791
ENSMUSG00000039117	-1.38651180109756	-0.626782868775106	13.3087711714013	0.00469223980841326	0.68808131569559
ENSMUSG00000019933	3.48961462413368	-1.08488908994583	13.2835561458383	0.00471872669608642	0.68808131569559
ENSMUSG00000027857	5.61470984411521	-2.46631819658186	15.2655404974529	0.00482564538377422	0.690031250430795
ENSMUSG00000038227	1.24064443459781	0.961711322916303	12.9599110643409	0.00507532591194377	0.690031250430795
ENSMUSG00000038236	1.24064443459781	0.961711322916303	12.9599110643409	0.00507532591194377	0.690031250430795
ENSMUSG00000041035	-1.4435041545809	-0.831602660663605	12.8945235438417	0.00515128798422414	0.690031250430795
ENSMUSG00000040985	5.83289001416474	-2.32192828724669	14.8929606970567	0.00515575921082237	0.690031250430795
ENSMUSG00000026727	7.78790255939143	-0.760049399638571	14.8312792688589	0.00521313345503045	0.690031250430795
ENSMUSG00000058183	-1.85573255533456	0.519373966734257	12.7715539384625	0.00529791191707175	0.690031250430795
ENSMUSG00000038291	1.11855936919127	1.40469536269806	12.7700463072493	0.00529974071444739	0.690031250430795
ENSMUSG00000038963	3.7799784831263	-1.8316026606636	12.7179770465029	0.00536337429560916	0.690031250430795
ENSMUSG00000042499	0.940663931229615	1.62560429285918	12.7089181638302	0.00537453947632039	0.690031250430795
ENSMUSG00000086077	0.940663931229615	1.62560429285918	12.7089181638302	0.00537453947632039	0.690031250430795
ENSMUSG00000074884	0.847268916106356	2.43550140947924	12.675270654869	0.005416257852675	0.690031250430795
ENSMUSG00000031816	7.23840473932508	-1.23851227905905	14.5188373976186	0.0055164796534071	0.695478679637356
ENSMUSG00000032562	-0.980930037001414	1.57807592277659	12.4739663941067	0.00567421362757832	0.707989768397736
ENSMUSG00000049353	1.65092576309951	-0.760049399638571	12.3370943805836	0.00585813466747605	0.716514449727243
ENSMUSG00000028402	6.98868468677216	-1.44745916933054	13.9845838350164	0.0060887947223105	0.716514449727243
ENSMUSG00000026174	1.73401831011587	-0.894066747610257	12.1644259661912	0.00610058048231012	0.716514449727243
ENSMUSG00000027245	0.847123472267103	2.17601856699566	12.1625854579723	0.00610322960763201	0.716514449727243
ENSMUSG00000033498	0.847123472267103	2.17601856699566	12.1625854579723	0.00610322960763201	0.716514449727243
ENSMUSG00000063087	1.1573418720047	0.313660286544439	12.1464783858697	0.00612647285185957	0.716514449727243
ENSMUSG00000038056	5.61470984411521	-2.46631819658186	13.8809884681394	0.00620833053381857	0.716514449727243
ENSMUSG00000038074	6.82017896241519	-1.58496269308048	13.7542889098336	0.00635858831194114	0.716514449727243
ENSMUSG00000032525	1.05230785349575	2.25298054881055	11.9807622956253	0.0063719533307519	0.716514449727243
ENSMUSG00000034544	0.981440166651152	4.24213044722423	11.9707210223154	0.00638720753406025	0.716514449727243
ENSMUSG00000020273	2.81349405915501	-1.07038952025072	11.9332633149272	0.00644450358424611	0.716514449727243
ENSMUSG00000093669	0.921378278992746	1.07038913553208	11.8838479462561	0.00652104701087054	0.716514449727243
ENSMUSG00000049624	2.75802720969404	-1.44745916933054	11.8511708940476	0.00657226913291011	0.716514449727243
ENSMUSG00000069255	5.4262647547021	-2.58496269308048	13.5447423941288	0.00661733421127131	0.716514449727243
ENSMUSG00000022475	2.12062970518554	0.703606804860454	11.7709736129862	0.0067000637004235	0.716514449727243
ENSMUSG00000033486	0.837240509731232	1.87821132724264	11.704542626304	0.00680820987535818	0.716514449727243
ENSMUSG00000051451	0.794421390033803	3.80539054281777	11.6949449832847	0.00682400884808723	0.716514449727243
ENSMUSG00000039219	1.07318434660396	1.83457619843331	11.6778110095027	0.0068523243212068	0.716514449727243
ENSMUSG00000026743	1.08931228116779	1.17753799319287	11.6490443580433	0.00690018509762722	0.716514449727243
ENSMUSG00000004364	0.936007771064981	1.36256988702539	11.6088314568271	0.00696777124609572	0.716514449727243
ENSMUSG00000075023	6.59991284218713	-1.76004939963857	13.2636081519994	0.00698576427892379	0.716514449727243
ENSMUSG00000027248	0.84690540278366	1.85940147746788	11.5407842948072	0.00708397769880847	0.720482202425874
ENSMUSG00000022818	1.26858570335407	1.12180464503263	11.4628306518841	0.00722000507233638	0.722683964177659
ENSMUSG00000006705	-0.827948249665393	3.89724023321548	11.4599748331945	0.00722504830748548	0.722683964177659
ENSMUSG00000024283	6.71424551766612	-1.66985159066699	12.9775105981714	0.0073877385413324	0.732899996440541
ENSMUSG00000028621	-6.88671271367089	-1.85626471489787	14.2490857275227	0.0074873713653309	0.736745167760974
ENSMUSG00000086427	1.13846403979133	0.986194008115647	11.2462066192106	0.0076149933128971	0.73870665913168
ENSMUSG00000079560	1.19217780828944	0.543142132667207	11.1987630003614	0.00770497189753742	0.73870665913168
ENSMUSG00000026874	2.04316785915637	-1.07038952025072	11.1839243776237	0.00773337842633355	0.73870665913168
ENSMUSG00000030729	0.843343047548734	1.10593325238974	11.172188411491	0.00775593539362724	0.73870665913168
ENSMUSG00000089690	-0.682073835670135	2.13437723040389	11.1177382286326	0.00786164133050389	0.73870665913168
ENSMUSG00000087956	-1.63439586052566	-1.09953586591024	10.9664996394227	0.00816455326470622	0.73870665913168
ENSMUSG00000076441	-1.1071715235478	0.394278746752723	10.9551812302682	0.00818778752046844	0.73870665913168
ENSMUSG00000019913	0.808332688981435	1.58037503886618	10.9267293938742	0.00824654842890517	0.73870665913168
ENSMUSG00000073468	-6.75042785397277	-1.95935820786198	13.6578486471637	0.00828333093485524	0.73870665913168
ENSMUSG00000038805	5.4262647547021	-2.58496269308048	12.3778871493377	0.00832980344617408	0.73870665913168
ENSMUSG00000038240	1.81366317452583	-0.70301845460219	10.7834639309911	0.0085503310773532	0.73870665913168
ENSMUSG00000027575	6.59991284218713	-1.76004939963857	12.2157416423718	0.00861031587599629	0.73870665913168
ENSMUSG00000027833	0.964013118205597	3.22165597224214	10.7275077432029	0.0086726610396963	0.73870665913168
ENSMUSG00000024857	1.0397705286926	0.186621097955304	10.6870989856081	0.00876232460062446	0.73870665913168
ENSMUSG00000085555	0.710785515040678	2.97400459910773	10.669485332828	0.00880175984044678	0.73870665913168
ENSMUSG00000093323	-0.8763871705464	1.82491310108259	10.6633728722808	0.00881549538954654	0.73870665913168
ENSMUSG00000041703	0.713998907344179	2.99828129041438	10.5795679664993	0.00900646746872558	0.73870665913168
ENSMUSG00000026274	-1.51753457320087	-0.714245710025444	10.5742826550968	0.00901867905367361	0.73870665913168
ENSMUSG00000088609	-0.970164770459236	0.797506943741936	10.542039968575	0.0090936120663415	0.73870665913168
ENSMUSG00000086782	1.38193540425164	-0.410464961848341	10.5207719270571	0.00914345371432716	0.73870665913168
ENSMUSG00000023032	0.964657145804924	1.42018061019548	10.515573751159	0.00915568605265316	0.73870665913168
ENSMUSG00000104159	-0.878969841444324	1.81713575049087	10.496765225691	0.00920011262862803	0.73870665913168
ENSMUSG00000029405	0.904922581021702	1.13750333139061	10.464668743742	0.00927653219918163	0.73870665913168
ENSMUSG00000038535	0.816394365781263	3.1820866938845	10.4129616397068	0.00940127167823632	0.73870665913168
ENSMUSG00000044697	-0.689304667016021	1.8575069334781	10.4019302910037	0.00942814710479248	0.73870665913168
ENSMUSG00000016481	6.91886323727459	-1.5047923443965	11.7720714932914	0.00944141581574602	0.73870665913168
ENSMUSG00000028465	-0.985525087754375	2.55838407495092	10.3753871304866	0.00949319700569234	0.73870665913168
ENSMUSG00000028494	6.33985000288462	-1.95935820786198	11.7398032157316	0.00950574637742289	0.73870665913168
ENSMUSG00000032411	2.47130571892559	-0.84388099044204	10.3424321741182	0.00957472080070778	0.73870665913168
ENSMUSG00000028108	1.10671439172281	1.59409332011396	10.3316950576989	0.00960146573653025	0.73870665913168
ENSMUSG00000022469	-0.640897618602012	3.80882611691495	10.3145103281573	0.00964446006822109	0.73870665913168
ENSMUSG00000029192	0.9653631743135	5.04126782601241	10.3021352470691	0.00967556608682505	0.73870665913168
ENSMUSG00000084635	0.828277695421424	2.19864362620452	10.2893416445555	0.00970785232826748	0.73870665913168
ENSMUSG00000020715	0.91296976394073	1.73490293534999	10.2538497721518	0.00979810809684567	0.73870665913168
ENSMUSG00000045339	-1.44057259138598	-0.69187789699699	10.1962435862759	0.00994678107162194	0.73870665913168
ENSMUSG00000057147	-1.79046314265883	-1.15965685834781	10.1799609286662	0.00998930008248572	0.73870665913168
ENSMUSG00000030814	-0.730747071431049	2.70571446782244	10.1593999069113	0.0100433071712878	0.73870665913168
ENSMUSG00000039983	2.07999932206522	-0.438121304751207	10.1388579065162	0.0100976189998452	0.73870665913168
ENSMUSG00000046782	1.06955241688994	0.793548930173251	10.132282728953	0.0101150787313751	0.73870665913168
ENSMUSG00000098066	0.96192215615129	0.805390542817767	10.1114376037371	0.0101706739127768	0.73870665913168
ENSMUSG00000102555	0.96192215615129	0.805390542817767	10.1114376037371	0.0101706739127768	0.73870665913168
ENSMUSG00000103887	0.96192215615129	0.805390542817767	10.1114376037371	0.0101706739127768	0.73870665913168
ENSMUSG00000036693	-3.57922613117201	-2.12928320930429	10.0712554620137	0.0102788935897506	0.73870665913168
ENSMUSG00000007659	3.30677586965482	-0.669851590666992	10.0332948847877	0.0103824180631886	0.73870665913168
ENSMUSG00000033918	1.12396607149021	1.82685090532408	9.94816367588674	0.0106192292273721	0.73870665913168
ENSMUSG00000034269	0.90884033017481	1.50492281043672	9.93564809951008	0.0106545951528099	0.73870665913168
ENSMUSG00000090559	-1.61731127841902	-1.15965685834781	9.8944901023582	0.0107719113587249	0.73870665913168
ENSMUSG00000057335	6.47573343096639	-1.85626471489787	11.1099556966845	0.0108803586038625	0.73870665913168
ENSMUSG00000069893	5.20945336562895	-2.71424571002544	11.0991274856314	0.0109061208013935	0.73870665913168
ENSMUSG00000078922	5.20945336562895	-2.71424571002544	11.0991274856314	0.0109061208013935	0.73870665913168
ENSMUSG00000023861	-6.4318457869654	-2.19068375396843	12.1353328452194	0.0109090041649002	0.73870665913168
ENSMUSG00000001819	0.939213424113475	0.656441696781773	9.82384588596055	0.0109769576242769	0.73870665913168
ENSMUSG00000001823	0.939213424113475	0.656441696781773	9.82384588596055	0.0109769576242769	0.73870665913168
ENSMUSG00000050368	0.939213424113475	0.656441696781773	9.82384588596055	0.0109769576242769	0.73870665913168
ENSMUSG00000099521	0.939213424113475	0.656441696781773	9.82384588596055	0.0109769576242769	0.73870665913168
ENSMUSG00000015714	6.18982455888001	-2.07038952025072	11.0330884980109	0.0110649228671164	0.73870665913168
ENSMUSG00000031667	-1.98721384504416	-0.206451069826749	9.74434383896674	0.0112134181543274	0.73870665913168
ENSMUSG00000001082	-3.48330952064827	0.682359071156413	9.73295868432048	0.0112477854844136	0.73870665913168
ENSMUSG00000028467	-0.975323399462908	2.35049705472481	9.72620126689152	0.011268244048211	0.73870665913168
ENSMUSG00000033900	6.14974711950468	-2.09953586591024	10.9354175933114	0.0113051984805663	0.73870665913168
ENSMUSG00000040312	6.14974711950468	-2.09953586591024	10.9354175933114	0.0113051984805663	0.73870665913168
ENSMUSG00000037280	0.964080425745057	1.01707332099962	9.69892977386732	0.0113512715737197	0.73870665913168
ENSMUSG00000025239	-0.573161122132953	3.72090362834149	9.69638275696864	0.0113590638337843	0.73870665913168
ENSMUSG00000065852	0.691877704637668	1.56884264299856	9.65947306650886	0.0114727174972076	0.73870665913168
ENSMUSG00000026914	2.35648531692373	-0.932885996500786	9.61016310374541	0.0116267202047917	0.73870665913168
ENSMUSG00000071862	-3.9490160712812	-2.71424571002544	9.52273628060458	0.0119059962261527	0.73870665913168
ENSMUSG00000026229	3.90689059560852	-1.73696578652553	9.49515906086638	0.0119957768816588	0.73870665913168
ENSMUSG00000044220	0.995725344899673	0.222392228977125	9.45956794167432	0.0121128680109478	0.73870665913168
ENSMUSG00000092871	0.995725344899673	0.222392228977125	9.45956794167432	0.0121128680109478	0.73870665913168
ENSMUSG00000026189	6.02236781302845	-2.19068375396843	10.608604353193	0.0121588066154929	0.73870665913168
ENSMUSG00000082305	-0.705441207624231	2.92690288738579	9.39941542040866	0.0123139406885451	0.73870665913168
ENSMUSG00000020059	3.33786963875638	-1.76004939963857	9.39046214282923	0.0123442149679984	0.73870665913168
ENSMUSG00000079426	-5.35755200461808	-2.85626471489787	11.4918619139636	0.012344989712291	0.73870665913168
ENSMUSG00000025609	0.655061500932434	3.33696323088932	9.37087750998658	0.012410753954427	0.73870665913168
ENSMUSG00000040929	1.70306710011091	-0.447459169330543	9.36995078719001	0.0124139133014583	0.73870665913168
ENSMUSG00000032827	0.849939603419299	2.02553489974781	9.34866791872623	0.0124867399965871	0.73870665913168
ENSMUSG00000064052	0.713594842346056	2.0102681430945	9.26617208383506	0.0127739860655405	0.73870665913168
ENSMUSG00000075465	0.713594842346056	2.0102681430945	9.26617208383506	0.0127739860655405	0.73870665913168
ENSMUSG00000046637	-1.83906378178494	-1.12928320930429	9.2424243669782	0.0128581603435182	0.73870665913168
ENSMUSG00000029177	-6.24158598656976	-2.32192828724669	11.2208824741121	0.013023452395181	0.73870665913168
ENSMUSG00000038763	5.35755200461808	-2.62678286877511	10.2908741368446	0.0130685045855202	0.73870665913168
ENSMUSG00000001815	0.706183363390869	2.06383141950991	9.18331233383842	0.0130706328968159	0.73870665913168
ENSMUSG00000062352	-0.946435516709855	1.48787811380502	9.15834839603452	0.0131616452123176	0.73870665913168
ENSMUSG00000031730	1.19250440269087	2.23119812635247	9.15632348875799	0.0131690612816679	0.73870665913168
ENSMUSG00000020592	2.3635471840891	-0.648156519567672	9.15287678018565	0.0131816962881927	0.73870665913168
ENSMUSG00000031960	1.426155463763	-0.152003285804372	9.15100747017893	0.0131885550084345	0.73870665913168
ENSMUSG00000027577	1.10504214985746	0.341036725475745	9.14918720883592	0.0131952379371057	0.73870665913168
ENSMUSG00000055408	1.23575699158094	-0.287980955323347	9.13669464661417	0.0132412146375814	0.73870665913168
ENSMUSG00000092250	0.978498930789077	0.210566793580337	9.13109535892887	0.0132618851016557	0.73870665913168
ENSMUSG00000052102	6.18982455888001	-2.07038952025072	10.1669959572759	0.0134464815359638	0.73870665913168
ENSMUSG00000097047	0.831852643020457	0.470629632882838	9.08056105740387	0.0134502265357462	0.73870665913168
ENSMUSG00000088712	1.2764727801586	-0.90689078796784	9.06543545184618	0.0135072316279833	0.73870665913168
ENSMUSG00000041444	1.3740077215977	0.922378910518204	9.04564618442378	0.0135822577450527	0.73870665913168
ENSMUSG00000000938	1.37163071176364	-0.263034598193116	9.04512283144967	0.0135842487833192	0.73870665913168
ENSMUSG00000078537	1.02824947680417	0.308122103003011	8.98712253695454	0.0138071228817859	0.73870665913168
ENSMUSG00000022421	-0.718607029652587	2.79948188592699	8.97755309154643	0.0138443212790536	0.73870665913168
ENSMUSG00000095122	-0.656948613546885	1.77158359867646	8.87850146057027	0.0142366136164034	0.73870665913168
ENSMUSG00000026116	1.26601210563369	-0.0418203680539486	8.872357394159	0.0142613899511422	0.73870665913168
ENSMUSG00000097703	1.0935741153122	-0.456857867332793	8.86127256964568	0.0143062231385997	0.73870665913168
ENSMUSG00000021716	1.69010600474549	-0.0277451828422264	8.76478623593373	0.0147038052320859	0.73870665913168
ENSMUSG00000053110	-2.29349968656084	-0.946061385248519	8.68527090471373	0.0150416073973407	0.73870665913168
ENSMUSG00000038331	5.93073733756288	-2.25481409138815	9.64802331893193	0.0151893209981392	0.73870665913168
ENSMUSG00000040913	1.75002174699165	-1.37439570714082	8.61408820367442	0.0153520593836622	0.73870665913168
ENSMUSG00000024431	0.793522068026925	2.03729834906365	8.59088124562388	0.0154549562777361	0.73870665913168
ENSMUSG00000021751	-0.592531497899146	6.38822215233388	8.54563822672597	0.0156579848867366	0.73870665913168
ENSMUSG00000062040	0.986325063102926	1.43550140947924	8.53121632781908	0.015723385329449	0.73870665913168
ENSMUSG00000011960	-2.35198532874354	-1.8316026606636	8.52570133873853	0.0157484826443386	0.73870665913168
ENSMUSG00000027099	-0.83811639026596	1.08341581582832	8.48978582914566	0.0159131243664619	0.73870665913168
ENSMUSG00000029636	-0.861720625174151	0.986194008115647	8.46928788200024	0.0160080299615345	0.73870665913168
ENSMUSG00000026019	-1.63518796982862	-0.714245710025444	8.44530355976839	0.0161199546628079	0.73870665913168
ENSMUSG00000065864	1.67708070270959	-1.52442115114543	8.4340864960217	0.0161726271445913	0.73870665913168
ENSMUSG00000078128	1.67708070270959	-1.52442115114543	8.4340864960217	0.0161726271445913	0.73870665913168
ENSMUSG00000040412	-0.890122382227627	0.425305642373349	8.41584046386465	0.0162587546713719	0.73870665913168
ENSMUSG00000094994	-0.552563350757707	3.88240995764922	8.3994897528585	0.0163364109267677	0.73870665913168
ENSMUSG00000020305	0.987606604418272	0.543142132667207	8.39847801526375	0.0163412309182621	0.73870665913168
ENSMUSG00000066072	3.26777232484046	-2.19068375396843	8.36504608879764	0.0165014823792327	0.73870665913168
ENSMUSG00000035642	2.11846540208577	0.643306294592638	8.34814722905468	0.0165832133963811	0.73870665913168
ENSMUSG00000020740	-0.780967136476322	3.07691717852957	8.3442244304103	0.0166022564432725	0.73870665913168
ENSMUSG00000086390	1.0133790298012	0.168397339336396	8.32263064401242	0.0167075609656608	0.73870665913168
ENSMUSG00000027602	-3.38246963682241	-2.25481409138815	8.31877041945806	0.0167264714627306	0.73870665913168
ENSMUSG00000063273	1.28059696836382	-0.0921938905690675	8.31121593842638	0.0167635549546101	0.73870665913168
ENSMUSG00000001039	0.882936214517161	1.39949645602374	8.30310747577333	0.0168034694027999	0.73870665913168
ENSMUSG00000040767	-2.19447660674099	-1.01380599188435	8.29622583578976	0.0168374356431564	0.73870665913168
ENSMUSG00000086212	2.14684138832927	-0.584962693080479	8.27717422324823	0.0169319076645225	0.73870665913168
ENSMUSG00000031444	-2.15835392559744	-0.760049399638571	8.27284343124604	0.0169534729990928	0.73870665913168
ENSMUSG00000032563	0.716673722290421	1.7574295043666	8.26399967836544	0.0169976148755077	0.73870665913168
ENSMUSG00000017221	-0.625464428536896	2.48910229295432	8.26062075229596	0.0170145171124547	0.73870665913168
ENSMUSG00000027014	1.36974674185419	0.801454128258598	8.25821054283051	0.0170265861062887	0.73870665913168
ENSMUSG00000024556	-1.78798959719067	-1.85626471489787	8.2492426734481	0.0170715839825247	0.73870665913168
ENSMUSG00000068921	0.586115536723187	3.97312997341202	8.23426844264385	0.0171470434360679	0.73870665913168
ENSMUSG00000020459	1.5251186431912	0.420180610195481	8.23267139632996	0.0171551153854742	0.73870665913168
ENSMUSG00000024319	-0.836904567872397	2.95729535668644	8.21233808356937	0.0172582920916666	0.73870665913168
ENSMUSG00000026226	-1.41095169920759	0.712019044676653	8.20775793653798	0.0172816372935749	0.73870665913168
ENSMUSG00000095542	-0.547956586017308	3.9214724103056	8.20314381403639	0.0173051946110265	0.73870665913168
ENSMUSG00000099843	3.22386380855311	-1.54432070858313	8.20012540833843	0.0173206262094881	0.73870665913168
ENSMUSG00000093674	3.1031988876415	-1.00000019235932	8.18674904454221	0.0173892151216687	0.73870665913168
ENSMUSG00000061878	-0.849654938676406	2.13437723040389	8.14506984875771	0.0176050641161104	0.73870665913168
ENSMUSG00000037608	0.720382709970603	2.44814561873146	8.12916849188673	0.0176882744884843	0.73870665913168
ENSMUSG00000020636	-2.16848013898716	-1.15965685834781	8.12364287215018	0.0177173017898016	0.73870665913168
ENSMUSG00000039463	-2.44989625649049	-0.152003285804372	8.11851164700584	0.0177443092804525	0.73870665913168
ENSMUSG00000094837	-0.538452961548216	3.42530564237335	8.10334711627552	0.0178244196185856	0.73870665913168
ENSMUSG00000025812	1.29037149045444	0.0339471395640161	8.10183624498827	0.0178324253021217	0.73870665913168
ENSMUSG00000102554	2.17805288232571	-1.69187789699699	8.08820594370768	0.0179048470255688	0.73870665913168
ENSMUSG00000094923	-0.5343238682247	3.7705771842367	8.08165994290491	0.0179397552936726	0.73870665913168
ENSMUSG00000096070	-0.5343238682247	3.7705771842367	8.08165994290491	0.0179397552936726	0.73870665913168
ENSMUSG00000094109	-0.546061149904765	3.3692336173064	8.05354413292575	0.0180906374046754	0.73870665913168
ENSMUSG00000061130	0.581885734699201	2.08665418989486	8.05143561335715	0.0181020149378204	0.73870665913168
ENSMUSG00000029456	-2.19542537373618	-1.52442115114543	8.03168097610692	0.018209035634239	0.73870665913168
ENSMUSG00000028455	-0.756951702054831	2.74825656257182	8.01334801861483	0.0183090455354274	0.73870665913168
ENSMUSG00000005936	-1.16049285726237	1.54784913534473	8.00941738104193	0.0183305750843257	0.73870665913168
ENSMUSG00000029581	-1.31869697362435	0.112302777265469	7.99670804401064	0.0184004004677946	0.73870665913168
ENSMUSG00000018841	2.93859945533586	-0.466318196581859	7.982072376372	0.0184812115272702	0.73870665913168
ENSMUSG00000022420	-0.70331520472429	3.20759522704904	7.98132144488013	0.0184853694706857	0.73870665913168
ENSMUSG00000028613	-3.15971118858031	-1.15965685834781	7.97895026277461	0.0184985063113838	0.73870665913168
ENSMUSG00000087403	1.10158787167916	0.999999807640679	7.94535664990621	0.0186858511938589	0.73870665913168
ENSMUSG00000036270	-2.07256862595064	-0.544320708583131	7.93798474707525	0.0187272720316437	0.73870665913168
ENSMUSG00000096660	-0.545627398755043	3.9068904032492	7.9379310916246	0.0187275739182714	0.73870665913168
ENSMUSG00000050914	-1.53377504586237	-1.15965685834781	7.93154555661321	0.0187635438799773	0.73870665913168
ENSMUSG00000069808	1.89934378655517	-1.08488908994583	7.91863506130025	0.0188365270177691	0.73870665913168
ENSMUSG00000092564	-0.997501826144805	0.832648749862191	7.90370605851603	0.0189213530773073	0.73870665913168
ENSMUSG00000036098	-0.724353039805406	2.44688617295886	7.89610831113033	0.0189647021405469	0.73870665913168
ENSMUSG00000093226	0.57040225487574	2.86883705747749	7.88521761103241	0.019027050727992	0.73870665913168
ENSMUSG00000026858	-0.773778347692143	5.11389077416866	7.88064561216364	0.0190532996593699	0.73870665913168
ENSMUSG00000043342	0.733692319838873	1.06383141950991	7.87428247828482	0.0190899055010471	0.73870665913168
ENSMUSG00000080923	-2.30645668612492	-1.54432070858313	7.87120181338499	0.0191076587798392	0.73870665913168
ENSMUSG00000084214	-2.30645668612492	-1.54432070858313	7.87120181338499	0.0191076587798392	0.73870665913168
ENSMUSG00000059439	0.795678152205177	2.57807592277659	7.86896415987215	0.0191205665776535	0.73870665913168
ENSMUSG00000004952	-1.08059169977608	0.900464134089764	7.85297733640687	0.0192130960138143	0.73870665913168
ENSMUSG00000078866	1.80983591156136	-1.54432070858313	7.84288989849099	0.0192717618569845	0.73870665913168
ENSMUSG00000026204	1.01394711783193	0.98965786341922	7.81944519685768	0.0194089565656236	0.73870665913168
ENSMUSG00000047415	-0.813542850225826	1.66945858244861	7.8090044705776	0.0194704374981818	0.73870665913168
ENSMUSG00000007656	0.547235425879312	3.99138667733597	7.79828910692147	0.01953378295647	0.73870665913168
ENSMUSG00000071424	-3.21770072601173	-1.8813556958607	7.79220275199668	0.0195698753483833	0.73870665913168
ENSMUSG00000003344	-0.79153801735245	3.16610309813058	7.78924456445873	0.0195874469392424	0.73870665913168
ENSMUSG00000068686	0.689070904061893	1.34645022166211	7.77811360141932	0.019653737472607	0.73870665913168
ENSMUSG00000087361	1.44635726249165	-1.23851227905905	7.76960294255481	0.019704607540277	0.73870665913168
ENSMUSG00000009418	3.16992500144231	-2.25481409138815	7.76917848884383	0.019707148797331	0.73870665913168
ENSMUSG00000070385	1.32416309927067	0.0866541898948599	7.76704851554179	0.019719907253514	0.73870665913168
ENSMUSG00000003809	5.61470984411521	-2.46631819658186	8.58090616344305	0.0197764757287476	0.73870665913168
ENSMUSG00000028289	5.61470984411521	-2.46631819658186	8.58090616344305	0.0197764757287476	0.73870665913168
ENSMUSG00000042015	5.61470984411521	-2.46631819658186	8.58090616344305	0.0197764757287476	0.73870665913168
ENSMUSG00000085704	-1.25994842596005	-1.01380599188435	7.73780741225682	0.019896083699045	0.73870665913168
ENSMUSG00000041685	1.43971677345141	0.0539386147514811	7.72785501515943	0.0199564843050905	0.73870665913168
ENSMUSG00000088189	-0.899717396563962	1.02384654959504	7.72541498266	0.0199713268897773	0.73870665913168
ENSMUSG00000026790	-0.608927009766483	3.50310619524489	7.71197043901758	0.0200533514122849	0.73870665913168
ENSMUSG00000085351	-1.04517260195867	-0.22239261369577	7.69971220331902	0.0201284969810881	0.73870665913168
ENSMUSG00000022744	-1.71212152318873	-1.32192828724669	7.68457800289779	0.020221747580415	0.73870665913168
ENSMUSG00000020454	-0.499312062898136	9.55713524475557	7.6810831001517	0.0202433566077846	0.73870665913168
ENSMUSG00000013701	-1.9955403518093	-1.64815651956767	7.66472981903988	0.0203448444974468	0.73870665913168
ENSMUSG00000099384	0.498525546459393	4.9879269753401	7.6600651613083	0.020373906986864	0.73870665913168
ENSMUSG00000041609	0.729920065007934	2.15611900955796	7.65495130480313	0.0204058264071858	0.73870665913168
ENSMUSG00000001909	-0.708977859432724	4.81762306515211	7.63614465794491	0.0205237391771128	0.73870665913168
ENSMUSG00000094150	-0.522740689900763	4.364238707386	7.62171223617714	0.0206147911870459	0.73870665913168
ENSMUSG00000095060	-0.522740689900763	4.364238707386	7.62171223617714	0.0206147911870459	0.73870665913168
ENSMUSG00000084793	1.06649541178691	-0.152003285804372	7.61541872770994	0.0206546503895255	0.73870665913168
ENSMUSG00000019843	5.61470984411521	-2.46631819658186	8.38220232045267	0.0208172167089105	0.73870665913168
ENSMUSG00000087022	5.61470984411521	-2.46631819658186	8.38220232045267	0.0208172167089105	0.73870665913168
ENSMUSG00000025512	-0.598637437618232	2.73283751618421	7.57116342803601	0.0209376097051181	0.73870665913168
ENSMUSG00000021071	1.4007835155986	-0.356693705407362	7.55950785046723	0.0210129191435681	0.73870665913168
ENSMUSG00000030600	-5.76376565350992	-2.6267828687751	8.98331824680288	0.0210210053230222	0.73870665913168
ENSMUSG00000022683	1.5345134780338	-0.144390101694496	7.54897517403813	0.0210812579491462	0.73870665913168
ENSMUSG00000027185	0.511267090096263	5.35285247572294	7.52780978846117	0.0212194071994992	0.73870665913168
ENSMUSG00000028469	-0.973255144767473	0.589535038151657	7.51334624666332	0.0213144488474156	0.73870665913168
ENSMUSG00000032607	1.66985139830767	-1.4288434911632	7.5045941598389	0.021372212367905	0.73870665913168
ENSMUSG00000074457	0.687754243335727	2.40987560180374	7.50327755874468	0.0213809184329144	0.73870665913168
ENSMUSG00000020311	0.889006503499409	0.712019044676653	7.48132112050227	0.0215267465188415	0.73870665913168
ENSMUSG00000022905	-0.567455262258327	4.69249077266628	7.47714166744728	0.0215546426694861	0.73870665913168
ENSMUSG00000062169	2.10088335701266	-1.02774518284223	7.47559574029787	0.0215649722906416	0.73870665913168
ENSMUSG00000030732	0.870225749026536	1.47804710444532	7.45092847132879	0.0217306156733178	0.73870665913168
ENSMUSG00000064833	1.58496250072116	-1.48542701952956	7.450683142797	0.0217322708711008	0.73870665913168
ENSMUSG00000041684	1.09617013149379	0.313660286544439	7.43412869226364	0.0218443181651108	0.73870665913168
ENSMUSG00000096057	-0.518638237541158	4.39297136556594	7.4315375632079	0.0218619197993688	0.73870665913168
ENSMUSG00000096305	-0.518638237541158	4.39297136556594	7.4315375632079	0.0218619197993688	0.73870665913168
ENSMUSG00000096677	-0.518638237541158	4.39297136556594	7.4315375632079	0.0218619197993688	0.73870665913168
ENSMUSG00000018363	0.739215850096606	2.57692498929642	7.42781591798601	0.021887231396057	0.73870665913168
ENSMUSG00000051367	0.983862743583586	2.01876961166052	7.42048227267636	0.0219372137365044	0.73870665913168
ENSMUSG00000033004	1.07956725731832	-0.466318196581859	7.40943185163696	0.0220127913364051	0.73870665913168
ENSMUSG00000015702	0.584362003296925	2.12180464503263	7.40452229523579	0.0220464715103646	0.73870665913168
ENSMUSG00000031392	7.467605550083	-1.04182036805395	8.16140370723795	0.0220567784066852	0.73870665913168
ENSMUSG00000087693	-1.27462238010901	-0.544320708583131	7.40172338367312	0.0220657005722971	0.73870665913168
ENSMUSG00000026577	-0.997003747540082	0.580375038866182	7.38387741775273	0.0221887888154377	0.73870665913168
ENSMUSG00000096017	-0.525083935420142	3.51276848362369	7.37051352012409	0.0222815126993537	0.73870665913168
ENSMUSG00000096865	-0.525083935420142	3.51276848362369	7.37051352012409	0.0222815126993537	0.73870665913168
ENSMUSG00000017999	2.51245000093679	-1.62678286877511	7.36852160846344	0.0222953738618547	0.73870665913168
ENSMUSG00000049119	2.10236171762968	-1.90689078796784	7.36091195921533	0.0223484244101742	0.73870665913168
ENSMUSG00000017664	-0.900289928327857	4.46005583444219	7.36003056379866	0.0223545790062861	0.73870665913168
ENSMUSG00000024309	-0.771567863821414	3.85466044447664	7.35861162782436	0.0223644914847164	0.73870665913168
ENSMUSG00000074715	-0.546473895378441	2.18511121289766	7.35387153190024	0.0223976440599819	0.73870665913168
ENSMUSG00000094114	-0.546473895378441	2.18511121289766	7.35387153190024	0.0223976440599819	0.73870665913168
ENSMUSG00000021638	2.95311361236917	-1.5047923443965	7.35093854483599	0.0224181876597383	0.73870665913168
ENSMUSG00000054312	1.58496250072116	-0.485427019529564	7.34462714906219	0.0224624728739364	0.73870665913168
ENSMUSG00000058388	2.09039813227489	1.0102681430945	7.33949760202738	0.0224985441671018	0.73870665913168
ENSMUSG00000028843	-1.48332223884532	-1.23851227905905	7.33375718223101	0.0225389951200053	0.73870665913168
ENSMUSG00000040998	-3.13385574673479	-1.58496269308048	7.31326807205184	0.0226841021220375	0.73870665913168
ENSMUSG00000027130	1.37171846159889	-1.28798095532335	7.30597181090414	0.0227360508532168	0.73870665913168
ENSMUSG00000028035	0.553475627224735	4.43740511994798	7.30197223749861	0.0227645891524478	0.73870665913168
ENSMUSG00000058589	1.22422732783612	1.74927866324574	7.3010785384731	0.0227709719776994	0.73870665913168
ENSMUSG00000019992	0.752852279581663	0.797506943741936	7.29747165392932	0.0227967546916337	0.73870665913168
ENSMUSG00000069713	0.752852279581663	0.797506943741936	7.29747165392932	0.0227967546916337	0.73870665913168
ENSMUSG00000098887	0.752852279581663	0.797506943741936	7.29747165392932	0.0227967546916337	0.73870665913168
ENSMUSG00000089957	1.43847641224367	0.330148409333008	7.29590950319066	0.0228079323208739	0.73870665913168
ENSMUSG00000000568	0.492370698785343	4.02511299740795	7.28480494735558	0.0228875818819935	0.73870665913168
ENSMUSG00000018707	-0.825219069904288	0.686633726256741	7.27885761426252	0.0229303800573591	0.73870665913168
ENSMUSG00000015745	1.02249407009875	4.56884264299856	7.27365186745999	0.0229679219325815	0.73870665913168
ENSMUSG00000068739	-1.05269142347209	1.11230277726547	7.26104787763285	0.0230591287209364	0.73870665913168
ENSMUSG00000094218	-0.519884284089729	3.24575622204264	7.26074680843274	0.0230613127688036	0.73870665913168
ENSMUSG00000095045	-0.519884284089729	3.24575622204264	7.26074680843274	0.0230613127688036	0.73870665913168
ENSMUSG00000095100	-0.519884284089729	3.24575622204264	7.26074680843274	0.0230613127688036	0.73870665913168
ENSMUSG00000096302	-0.519884284089729	3.24575622204264	7.26074680843274	0.0230613127688036	0.73870665913168
ENSMUSG00000047632	0.890398462487502	0.824913101082587	7.255989309708	0.0230958587046869	0.73870665913168
ENSMUSG00000027478	2.73208937337725	0.0272212763757028	7.25262764405363	0.02312030712877	0.73870665913168
ENSMUSG00000096082	-0.508881465982348	4.24321913677977	7.25016202570156	0.0231382589702783	0.73870665913168
ENSMUSG00000096502	-0.508881465982348	4.24321913677977	7.25016202570156	0.0231382589702783	0.73870665913168
ENSMUSG00000008668	-0.758514837838298	4.43295921491678	7.22750566129104	0.0233040171183504	0.73870665913168
ENSMUSG00000024273	-1.57627154045711	-1.52442115114543	7.22492386911603	0.0233229979778734	0.73870665913168
ENSMUSG00000065532	-1.57627154045711	-1.52442115114543	7.22492386911603	0.0233229979778734	0.73870665913168
ENSMUSG00000001855	-0.682890383995887	1.87071679069571	7.21629134540638	0.0233866000790284	0.73870665913168
ENSMUSG00000042628	1.01201251770198	-0.475840970700365	7.20424746799785	0.0234756907629375	0.73870665913168
ENSMUSG00000032633	0.918544781074442	1.1249580780715	7.17913081820335	0.0236628216488199	0.73870665913168
ENSMUSG00000029469	0.674740813720745	1.37056267777892	7.17607431928567	0.0236857182706871	0.73870665913168
ENSMUSG00000022330	1.49296671664038	-0.330541417551394	7.1632362216674	0.0237821864150477	0.73870665913168
ENSMUSG00000030990	7.29462074889162	-1.19068375396843	7.87663158786264	0.0237976367390006	0.73870665913168
ENSMUSG00000023764	-0.487323561124612	9.49530284718432	7.16115339293126	0.0237978824795319	0.73870665913168
ENSMUSG00000032422	0.788084005137628	1.56652506010516	7.15867188382745	0.023816599511308	0.73870665913168
ENSMUSG00000018501	0.906995629647434	2.5324948884677	7.1586574036157	0.0238167087825681	0.73870665913168
ENSMUSG00000034902	-0.610757337451751	4.7426220283549	7.14613707024862	0.0239114201514684	0.73870665913168
ENSMUSG00000095155	-0.513021880797294	4.21427266523245	7.14583038103541	0.0239137459065709	0.73870665913168
ENSMUSG00000096095	-0.513021880797294	4.21427266523245	7.14583038103541	0.0239137459065709	0.73870665913168
ENSMUSG00000101108	1.45275770712997	2.58610685030277	7.14425174507875	0.0239257217532528	0.73870665913168
ENSMUSG00000095389	-0.50912244602625	4.36757056808375	7.11835324142021	0.0241232439751585	0.73935314696439
ENSMUSG00000086324	-0.576389180431512	2.94931239419183	7.11233450425901	0.0241694327576764	0.73935314696439
ENSMUSG00000043456	1.93490497177811	-2.01380599188435	7.11151822029248	0.0241757053804139	0.73935314696439
ENSMUSG00000006058	0.632961668078325	2.95994655812024	7.10849544377994	0.0241989508354465	0.73935314696439
ENSMUSG00000024742	-0.796142010890122	1.33560283942512	7.0675019419475	0.0245169101355574	0.73935314696439
ENSMUSG00000041930	1.48332223884532	-1.07038952025072	7.06052073268554	0.0245715666919067	0.73935314696439
ENSMUSG00000029276	4.05626821964675	-2.22239261369577	7.0398457748833	0.0247343093902872	0.73935314696439
ENSMUSG00000034107	-1.79623154358589	-1.60572125324728	7.03630497319186	0.0247623128402018	0.73935314696439
ENSMUSG00000019373	0.7949595373871	1.30256257766111	7.00412459903426	0.0250186067623737	0.73935314696439
ENSMUSG00000006143	-1.69534004849425	-0.0703895202507196	7.00395896323344	0.0250199343058484	0.73935314696439
ENSMUSG00000102874	1.06235607734565	-0.514573365189081	6.99077554903059	0.0251258741192511	0.73935314696439
ENSMUSG00000013415	0.632888948203031	2.69938221899873	6.96889787083696	0.025302893349487	0.73935314696439
ENSMUSG00000103133	0.855095051456116	0.773594323797607	6.96768522413819	0.0253127498140054	0.73935314696439
ENSMUSG00000030116	-2.68706068833989	-1.28798095532335	6.96198798740334	0.0253591202180129	0.73935314696439
ENSMUSG00000016510	-5.61470984411521	-2.71424571002544	8.1922699694469	0.0253598259188826	0.73935314696439
ENSMUSG00000044244	-5.61470984411521	-2.71424571002544	8.1922699694469	0.0253598259188826	0.73935314696439
ENSMUSG00000024168	-3.91965789168239	-2.25481409138815	6.9369624414454	0.0255640408380794	0.73935314696439
ENSMUSG00000065451	1.37171846159889	-1.28798095532335	6.93457991391923	0.0255836555065232	0.73935314696439
ENSMUSG00000083614	1.37171846159889	-1.28798095532335	6.93457991391923	0.0255836555065232	0.73935314696439
ENSMUSG00000084758	1.37171846159889	-1.28798095532335	6.93457991391923	0.0255836555065232	0.73935314696439
ENSMUSG00000085721	1.37171846159889	-1.28798095532335	6.93457991391923	0.0255836555065232	0.73935314696439
ENSMUSG00000081208	-0.507188791022492	6.20116688295163	6.93366271759543	0.0255912114304774	0.73935314696439
ENSMUSG00000024382	2.72246602447109	-1.90689078796784	6.90725927433456	0.0258099001687922	0.73935314696439
ENSMUSG00000041540	5.35755200461808	-2.62678286877511	7.57361230725406	0.0258467757937706	0.73935314696439
ENSMUSG00000050410	5.35755200461808	-2.62678286877511	7.57361230725406	0.0258467757937706	0.73935314696439
ENSMUSG00000102869	0.600939353270926	1.31366028654444	6.89246896093526	0.0259334015383401	0.73935314696439
ENSMUSG00000098893	0.785143322471142	0.881944046118965	6.89032180104162	0.0259513907087971	0.73935314696439
ENSMUSG00000028962	-0.50489065324295	4.56071476211516	6.85895144498445	0.0262159650608379	0.73935314696439
ENSMUSG00000015023	1.45470611476981	-1.15965685834781	6.84818124102737	0.0263075603650474	0.73935314696439
ENSMUSG00000084885	1.09953567355091	0.228268795313796	6.8469816193852	0.026317786784503	0.73935314696439
ENSMUSG00000014245	1.04846148895665	0.192644885583075	6.84352478834951	0.0263472824686036	0.73935314696439
ENSMUSG00000101438	-0.771117629821873	2.28293377091218	6.83848375757404	0.0263903680209041	0.73935314696439
ENSMUSG00000040734	-2.31022259423508	-1.20645106982675	6.83543982233487	0.0264164262125704	0.73935314696439
ENSMUSG00000047710	3.16992500144231	-2.25481409138815	6.81946420500347	0.0265537061059636	0.73935314696439
ENSMUSG00000093352	1.29300648558485	-1.33920627867852	6.8190301701804	0.0265574479746468	0.73935314696439
ENSMUSG00000025364	3.0198995574377	-1.98632525546225	6.81542943960996	0.0265885152255693	0.73935314696439
ENSMUSG00000022150	-2.52654581449583	-1.60572125324728	6.80337265345331	0.0266928660571117	0.73935314696439
ENSMUSG00000098488	-0.86389453343516	1.06711400349921	6.78784425096376	0.0268280032357931	0.73935314696439
ENSMUSG00000029468	0.689640317288569	1.50007341077532	6.77938093507878	0.0269020085645663	0.73935314696439
ENSMUSG00000100252	0.599900934095748	2.76553455400366	6.77836008498148	0.0269109520118172	0.73935314696439
ENSMUSG00000004415	1.12682149947205	0.0539386147514811	6.76891112679937	0.0269939053039754	0.73935314696439
ENSMUSG00000051223	2.96347412397488	-1.73696578652553	6.75785288952852	0.0270913845540384	0.73935314696439
ENSMUSG00000039826	-0.56223655694773	2.72038251761128	6.75208994716308	0.0271423561751813	0.73935314696439
ENSMUSG00000025482	5.4262647547021	-2.58496269308048	7.39390477023045	0.0271687615315666	0.73935314696439
ENSMUSG00000096929	1.15810329298147	0.399496456023745	6.74411937499672	0.027213047318981	0.73935314696439
ENSMUSG00000029516	-0.769746659184576	2.0102681430945	6.74173796710942	0.0272342117909894	0.73935314696439
ENSMUSG00000074305	0.849868713552379	1.09953548119159	6.73857824108193	0.0272623245906268	0.73935314696439
ENSMUSG00000041343	0.474921434874532	5.16897033002675	6.73760269229385	0.0272710114475023	0.73935314696439
ENSMUSG00000044287	-2.1260078849121	-1.85626471489787	6.7362226712313	0.0272833057510575	0.73935314696439
ENSMUSG00000018433	1.37608641563763	3.66783788011652	6.73423646808742	0.0273010123121	0.73935314696439
ENSMUSG00000031442	-1.96718812992508	-0.616213627064919	6.73032027025421	0.0273359655883858	0.73935314696439
ENSMUSG00000092617	3.41093310094611	-2.62678286877511	6.73017411992784	0.0273372710855102	0.73935314696439
ENSMUSG00000061762	0.510235913202733	3.37189051500186	6.72006009672441	0.0274278009825394	0.73935314696439
ENSMUSG00000058239	-0.616933513729711	2.31089385225306	6.71749243290386	0.0274508423591799	0.73935314696439
ENSMUSG00000024160	-0.833798856203506	4.20908177539375	6.71659122648178	0.0274589351103525	0.73935314696439
ENSMUSG00000041375	-0.767512395803418	3.8631831180103	6.70563286787587	0.0275575743001034	0.73935314696439
ENSMUSG00000053510	0.992724669196822	1.72454614255282	6.64383602159261	0.0281220204877596	0.73935314696439
ENSMUSG00000100046	-1.42884329880387	-1.54432070858313	6.639518624183	0.028161981938613	0.73935314696439
ENSMUSG00000027852	1.39576747234853	-0.881355695860702	6.63542797617289	0.0281999088065894	0.73935314696439
ENSMUSG00000039233	0.699718457854852	3.17829710662311	6.62109692792627	0.0283332751124438	0.73935314696439
ENSMUSG00000069020	-0.583539624200573	2.01876961166052	6.60946484813608	0.0284420929437191	0.73935314696439
ENSMUSG00000006527	-5.44846050081629	-2.80735511441693	7.71924404881686	0.0285258265741602	0.73935314696439
ENSMUSG00000029175	-5.44846050081629	-2.80735511441693	7.71924404881686	0.0285258265741602	0.73935314696439
ENSMUSG00000041763	1.93218461577243	-0.748461425363359	6.59976310640287	0.0285332443052554	0.73935314696439
ENSMUSG00000024811	1.35669351304804	0.319177291512005	6.59437975568451	0.0285839772121561	0.73935314696439
ENSMUSG00000022214	-3.18715141555291	-0.410464961848341	6.58868617540317	0.028637754033806	0.73935314696439
ENSMUSG00000028973	-0.505788339506037	3.74108151027912	6.58786931212038	0.0286454796082862	0.73935314696439
ENSMUSG00000062651	2.32192809488736	-2.4288434911632	6.5839034041635	0.0286830239310946	0.73935314696439
ENSMUSG00000081116	2.32192809488736	-2.4288434911632	6.5839034041635	0.0286830239310946	0.73935314696439
ENSMUSG00000085319	2.32192809488736	-2.4288434911632	6.5839034041635	0.0286830239310946	0.73935314696439
ENSMUSG00000099050	2.32192809488736	-2.4288434911632	6.5839034041635	0.0286830239310946	0.73935314696439
ENSMUSG00000086126	2.32192809488736	-1.76004939963857	6.58236991578	0.0286975572674925	0.73935314696439
ENSMUSG00000001018	0.635038275755407	2.37454252869146	6.55313356905252	0.0289763726082519	0.73935314696439
ENSMUSG00000058761	0.856684595831867	0.893084603724166	6.54462661891737	0.0290581226615564	0.73935314696439
ENSMUSG00000093345	1.00254668211035	-0.554374373247056	6.54212988360013	0.0290821694039372	0.73935314696439
ENSMUSG00000032583	0.727072124295344	0.972254817157774	6.53509665770065	0.0291500395434024	0.73935314696439
ENSMUSG00000020839	-2.63941028474353	-2.07038952025072	6.53074268868735	0.0291921523168671	0.73935314696439
ENSMUSG00000054160	0.747199785012237	0.844175003243219	6.52851006233707	0.0292137758025949	0.73935314696439
ENSMUSG00000037876	0.596750360552671	2.57807592277659	6.52607157188654	0.0292374155585362	0.73935314696439
ENSMUSG00000048827	1.1862100850298	-0.254814091388147	6.50737714300495	0.0294194281692813	0.73935314696439
ENSMUSG00000070877	1.50765677455371	-1.35669370540736	6.50596306207944	0.029433252350051	0.73935314696439
ENSMUSG00000081103	1.37385588693122	1.37586670963884	6.49454631385358	0.029545155599135	0.73935314696439
ENSMUSG00000033543	6.50779464019869	-1.8316026606636	7.095497498836	0.0295603876720025	0.73935314696439
ENSMUSG00000094960	-0.512263164992692	3.64220626019631	6.4695527240779	0.0297919604620044	0.73935314696439
ENSMUSG00000096110	-0.512263164992692	3.64220626019631	6.4695527240779	0.0297919604620044	0.73935314696439
ENSMUSG00000096231	-0.512263164992692	3.64220626019631	6.4695527240779	0.0297919604620044	0.73935314696439
ENSMUSG00000098789	-0.863534587469217	0.813231296034951	6.4651653997022	0.0298355444349435	0.73935314696439
ENSMUSG00000018648	-1.34636109965002	-0.152003285804372	6.45980971428524	0.0298888541554144	0.73935314696439
ENSMUSG00000041895	-1.34296608465815	0.362569887025385	6.45891351031448	0.0298977862404828	0.73935314696439
ENSMUSG00000038248	1.78565985095829	-1.80735511441693	6.45119906655582	0.0299748082916478	0.73935314696439
ENSMUSG00000090115	1.10401088471097	0.319177291512005	6.4313116693478	0.0301744913759602	0.73935314696439
ENSMUSG00000103076	1.01247551354706	-0.0776210894817964	6.41570467655794	0.0303323392189701	0.73935314696439
ENSMUSG00000053436	-2.28109437737879	-0.894066747610257	6.41258581230457	0.0303640044165807	0.73935314696439
ENSMUSG00000088497	-1.47393118833241	-1.71424571002544	6.40305002035387	0.0304610710882846	0.73935314696439
ENSMUSG00000074001	0.899290779750358	0.319177291512005	6.39820377686766	0.0305105477373629	0.73935314696439
ENSMUSG00000027247	1.23071668556106	0.0473055224190359	6.38264300231568	0.0306700795402013	0.73935314696439
ENSMUSG00000076228	-0.802722385150365	1.76957006723881	6.37745930894817	0.0307234506729034	0.73935314696439
ENSMUSG00000082828	-0.802722385150365	1.76957006723881	6.37745930894817	0.0307234506729034	0.73935314696439
ENSMUSG00000047554	6.33985000288462	-1.95935820786198	6.95752760408709	0.0307569032226709	0.73935314696439
ENSMUSG00000058925	-2.5722514489716	-1.69187789699699	6.37233252783168	0.0307763478954851	0.73935314696439
ENSMUSG00000022428	1.62293035092018	-1.78350837246256	6.35107014202583	0.0309969250796249	0.73935314696439
ENSMUSG00000095367	1.02411245611681	-0.616213627064919	6.34969797459951	0.0310112265059259	0.73935314696439
ENSMUSG00000096175	1.02411245611681	-0.616213627064919	6.34969797459951	0.0310112265059259	0.73935314696439
ENSMUSG00000101579	1.02411245611681	-0.616213627064919	6.34969797459951	0.0310112265059259	0.73935314696439
ENSMUSG00000103388	0.794109501269814	0.863183118010304	6.33823878392564	0.0311309765322775	0.73935314696439
ENSMUSG00000100175	0.617399488678393	1.92961047974928	6.33257418816361	0.0311903817315112	0.73935314696439
ENSMUSG00000020527	0.458694353014398	5.08584527759955	6.32581078210104	0.0312614924737342	0.73935314696439
ENSMUSG00000094463	2.76081233612057	-2.15965685834781	6.32543378982451	0.0312654620341849	0.73935314696439
ENSMUSG00000021715	1.25950559435355	-0.271302214176717	6.32452718925514	0.0312750106648536	0.73935314696439
ENSMUSG00000020532	-1.32355733847202	-1.09953586591024	6.32432683731252	0.0312771213233074	0.73935314696439
ENSMUSG00000082651	0.843648161616698	-0.0631940188465164	6.32422643883211	0.0312781790623199	0.73935314696439
ENSMUSG00000035187	1.08650899325468	-0.574694357626651	6.31032491980072	0.0314250618102556	0.73935314696439
ENSMUSG00000049502	-0.56322981008733	2.39166279854571	6.30683353359544	0.0314620844565874	0.73935314696439
ENSMUSG00000069223	1.51937415909358	-0.0489097928402678	6.30166585474321	0.0315169807525148	0.73935314696439
ENSMUSG00000053702	0.894318712546741	0.943965772726349	6.29527011140729	0.0315850855732026	0.73935314696439
ENSMUSG00000058056	-5.35755200461808	-2.85626471489787	7.32133650811995	0.0316018782723105	0.73935314696439
ENSMUSG00000021065	5.20945336562895	-2.71424571002544	6.86229328027628	0.0316190131961929	0.73935314696439
ENSMUSG00000024975	5.20945336562895	-2.71424571002544	6.86229328027628	0.0316190131961929	0.73935314696439
ENSMUSG00000038848	5.20945336562895	-2.71424571002544	6.86229328027628	0.0316190131961929	0.73935314696439
ENSMUSG00000090854	5.20945336562895	-2.71424571002544	6.86229328027628	0.0316190131961929	0.73935314696439
ENSMUSG00000094144	5.20945336562895	-2.71424571002544	6.86229328027628	0.0316190131961929	0.73935314696439
ENSMUSG00000095022	5.20945336562895	-2.71424571002544	6.86229328027628	0.0316190131961929	0.73935314696439
ENSMUSG00000099751	5.20945336562895	-2.71424571002544	6.86229328027628	0.0316190131961929	0.73935314696439
ENSMUSG00000018677	-0.736458295126778	4.61105974506424	6.28948568999116	0.0316468362793356	0.73935314696439
ENSMUSG00000034156	-0.614699567374962	2.30673422887877	6.28916100502601	0.0316503067915194	0.73935314696439
ENSMUSG00000026960	1.27863126088481	-1.5047923443965	6.27253121213662	0.0318286863297382	0.73935314696439
ENSMUSG00000029625	1.16564781170732	0.485426634810919	6.26734276153715	0.031884592529277	0.73935314696439
ENSMUSG00000017211	-0.624760990364826	1.19264488558307	6.25071260182318	0.0320645982997483	0.73935314696439
ENSMUSG00000022292	0.44406157746586	5.4476734554018	6.24630739694467	0.0321124891997442	0.73935314696439
ENSMUSG00000023147	-2.36737106564853	-1.5047923443965	6.24026137577674	0.0321783610925188	0.73935314696439
ENSMUSG00000028133	-1.10813822997459	1.27727613605025	6.23070125968079	0.0322828580168563	0.73935314696439
ENSMUSG00000001120	1.31922894528641	-1.56449859052076	6.2264740739098	0.0323291960411749	0.73935314696439
ENSMUSG00000084017	0.735075394038769	0.302562577661108	6.22616858591061	0.0323325479337229	0.73935314696439
ENSMUSG00000085546	0.735075394038769	0.302562577661108	6.22616858591061	0.0323325479337229	0.73935314696439
ENSMUSG00000088637	0.735075394038769	0.302562577661108	6.22616858591061	0.0323325479337229	0.73935314696439
ENSMUSG00000039787	-0.64959306906048	1.66296482036311	6.21543089901501	0.0324506359666087	0.73935314696439
ENSMUSG00000001017	6.18982455888001	-2.07038952025072	6.77253156989113	0.0324600073266399	0.73935314696439
ENSMUSG00000022124	0.722713931515415	1.62560429285918	6.21098271902358	0.0324997099540218	0.73935314696439
ENSMUSG00000055862	-0.762609225984632	1.50492281043672	6.20343655860578	0.032583170489053	0.73935314696439
ENSMUSG00000015093	-1.08676131191928	-0.304854773887743	6.19750332995793	0.0326489767516904	0.73935314696439
ENSMUSG00000032839	1.99039267232596	0.415037306919521	6.18580788530267	0.0327791708367437	0.73935314696439
ENSMUSG00000084892	-0.695337987496921	1.82685090532408	6.17967868197161	0.0328476557798745	0.73935314696439
ENSMUSG00000023206	0.90514081365856	1.30256257766111	6.17838466187151	0.0328621370178113	0.73935314696439
ENSMUSG00000095941	0.834157999089886	-0.144390101694496	6.16915177086072	0.0329656890121337	0.73935314696439
ENSMUSG00000027797	0.526114575915742	2.21056679358034	6.15644102458997	0.0331089031081999	0.73935314696439
ENSMUSG00000015837	-0.826346892900095	1.65644169678177	6.14826945469985	0.0332013769222937	0.73935314696439
ENSMUSG00000046085	0.688243710169931	0.634482444205634	6.14281868705775	0.0332632369931932	0.73935314696439
ENSMUSG00000043219	1.22770133272151	-1.17508689891741	6.12727048165221	0.0334404705948448	0.73935314696439
ENSMUSG00000065443	1.22770133272151	-1.17508689891741	6.12727048165221	0.0334404705948448	0.73935314696439
ENSMUSG00000098484	1.22770133272151	-1.17508689891741	6.12727048165221	0.0334404705948448	0.73935314696439
ENSMUSG00000098538	1.22770133272151	-1.17508689891741	6.12727048165221	0.0334404705948448	0.73935314696439
ENSMUSG00000099173	1.22770133272151	-1.17508689891741	6.12727048165221	0.0334404705948448	0.73935314696439
ENSMUSG00000099229	1.22770133272151	-1.17508689891741	6.12727048165221	0.0334404705948448	0.73935314696439
ENSMUSG00000101298	1.22770133272151	-1.17508689891741	6.12727048165221	0.0334404705948448	0.73935314696439
ENSMUSG00000103014	1.22770133272151	-1.17508689891741	6.12727048165221	0.0334404705948448	0.73935314696439
ENSMUSG00000027326	2.66649238621775	-1.71424571002544	6.12412609813512	0.0334764541466153	0.73935314696439
ENSMUSG00000013629	6.18982455888001	-2.07038952025072	6.64325863344242	0.0337220428313705	0.739567235886318
ENSMUSG00000025507	6.18982455888001	-2.07038952025072	6.64325863344242	0.0337220428313705	0.739567235886318
ENSMUSG00000104108	-1.58496250072115	-1.8813556958607	6.09776960841113	0.0337799480963526	0.739567235886318
ENSMUSG00000097391	0.450777490236309	4.70228795017414	6.08144977010228	0.0339695644610301	0.739567235886318
ENSMUSG00000000804	0.940546149789757	0.118644304139296	6.04600269216822	0.034385938072204	0.739567235886318
ENSMUSG00000036452	0.73430379444269	0.389042098386577	6.04014711968074	0.0344553214999971	0.739567235886318
ENSMUSG00000028575	-5.26052755022322	-2.90689078796784	6.9919111842066	0.034485808148527	0.739567235886318
ENSMUSG00000067370	-0.770443286464612	1.30256257766111	6.03440192304457	0.0345235642467299	0.739567235886318
ENSMUSG00000037437	1.80892734187636	-0.986325255462245	6.03063984867473	0.0345683409663896	0.739567235886318
ENSMUSG00000085883	-2.72892827510079	-2.39231761513808	6.01529441496593	0.0347517248869604	0.739567235886318
ENSMUSG00000097327	0.849901140510193	2.05393861475148	6.01346421076597	0.0347736762091229	0.739567235886318
ENSMUSG00000015748	0.885687924297415	1.19864362620452	6.00256689917877	0.0349047308683927	0.739567235886318
ENSMUSG00000033852	-0.862995247228548	0.504922810436715	5.99349339854529	0.0350143149098711	0.739567235886318
ENSMUSG00000034159	-2.54114626842866	-2.12928320930429	5.99137860868203	0.0350399167137877	0.739567235886318
ENSMUSG00000046152	-2.10511670581422	-1.01380599188435	5.97908431987304	0.0351892085683341	0.739567235886318
ENSMUSG00000056153	0.911495761912105	0.308122103003011	5.97885553437445	0.0351919941514086	0.739567235886318
ENSMUSG00000086250	1.77977867770518	-1.56449859052076	5.97712915632644	0.0352130224433	0.739567235886318
ENSMUSG00000026822	-0.743486694259967	3.02215622129284	5.97160804052917	0.0352803765558586	0.739567235886318
ENSMUSG00000025993	6.02236781302845	-2.19068375396843	6.48621561769736	0.0353407734943689	0.739567235886318
ENSMUSG00000027673	6.02236781302845	-2.19068375396843	6.48621561769736	0.0353407734943689	0.739567235886318
ENSMUSG00000097277	6.02236781302845	-2.19068375396843	6.48621561769736	0.0353407734943689	0.739567235886318
ENSMUSG00000039059	0.746583596727803	2.39166279854571	5.95927401721957	0.0354314164590748	0.739567235886318
ENSMUSG00000041328	0.46922270298255	2.96699270175236	5.95839454007925	0.035442216668122	0.739567235886318
ENSMUSG00000041670	3.11839470080223	-2.28798095532335	5.95117690740421	0.0355310040603447	0.739567235886318
ENSMUSG00000043929	6.18982455888001	-2.07038952025072	6.46752114998188	0.0355400239572087	0.739567235886318
ENSMUSG00000035835	-0.779595740270889	2.4431012253374	5.94903911242584	0.0355573544947066	0.739567235886318
ENSMUSG00000024218	-0.972807037109433	0.566525060105159	5.9451695515533	0.0356051117454392	0.739567235886318
ENSMUSG00000057605	1.24236083756904	-1.44745916933054	5.94392201186995	0.0356205253975745	0.739567235886318
ENSMUSG00000020190	-0.732644527541261	1.54784913534473	5.94220276311372	0.0356417805654924	0.739567235886318
ENSMUSG00000103404	0.991528483932548	-0.013805991884353	5.94185430772851	0.0356460904379278	0.739567235886318
ENSMUSG00000026864	0.680075969711391	2.72454614255282	5.93493482097168	0.0357318069112197	0.739567235886318
ENSMUSG00000100017	-0.768722927477451	1.8365010753578	5.92817633179578	0.0358157736185463	0.739567235886318
ENSMUSG00000027615	6.06608919045777	-2.15965685834781	6.44139745509824	0.0358208681958851	0.739567235886318
ENSMUSG00000050141	1.35669351304804	0.319177291512005	5.92217680833933	0.0358905142482915	0.739567235886318
ENSMUSG00000070331	-0.912052300724298	-0.0703895202507196	5.9200539787967	0.0359170058480934	0.739567235886318
ENSMUSG00000089998	2.11171038749702	-1.73696578652553	5.91967668688494	0.0359217167323099	0.739567235886318
ENSMUSG00000053219	0.908938747284326	1.43550140947924	5.91571887730365	0.0359711799126844	0.739567235886318
ENSMUSG00000040649	-2.63941028474353	-2.07038952025072	5.91558419755039	0.0359728645604042	0.739567235886318
ENSMUSG00000079489	-0.772089118306309	1.80735472969828	5.91273738663392	0.0360084967170744	0.739567235886318
ENSMUSG00000003068	-0.718870658860534	3.70466102123246	5.91059812985904	0.0360353013059497	0.739567235886318
ENSMUSG00000031644	2.59568890731422	-1.23851227905905	5.90826031750103	0.036064621814077	0.739567235886318
ENSMUSG00000042349	3.37786626648122	-1.17508689891741	5.88330466522806	0.0363794463484785	0.739567235886318
ENSMUSG00000002083	-0.743435089495763	1.29418291204513	5.87487985591884	0.0364864903448052	0.739567235886318
ENSMUSG00000017307	-0.495580023430303	3.15611900955796	5.87292743802066	0.0365113526190489	0.739567235886318
ENSMUSG00000094069	-0.505240427448781	3.40014734484186	5.87099860915432	0.036535934958832	0.739567235886318
ENSMUSG00000096148	-0.505240427448781	3.40014734484186	5.87099860915432	0.036535934958832	0.739567235886318
ENSMUSG00000032458	1.66985139830767	-1.4288434911632	5.86001662679545	0.0366762853096977	0.739567235886318
ENSMUSG00000046756	-0.861450666098514	0.571156508836802	5.85044566051892	0.0367991436135621	0.739567235886318
ENSMUSG00000008475	0.720105860912997	0.524159029299635	5.8478688510952	0.0368323073898773	0.739567235886318
ENSMUSG00000083782	0.872764811703892	0.222392228977125	5.84276342399647	0.036898123290355	0.739567235886318
ENSMUSG00000057945	-1.59772979679503	-1.95935820786198	5.83267501296422	0.0370286022771771	0.739567235886318
ENSMUSG00000021149	-0.77887254590013	0.690895753110898	5.82796107762042	0.0370897646316628	0.739567235886318
ENSMUSG00000096248	-0.502299511563161	3.38378637293508	5.81874286606229	0.037209728393604	0.739567235886318
ENSMUSG00000062590	-1.2541281096729	0.228268795313796	5.81870263517328	0.0372102529941478	0.739567235886318
ENSMUSG00000002102	-1.3165415483403	0.21649162753744	5.80773107882254	0.0373536593273341	0.739567235886318
ENSMUSG00000001864	-0.686917854317608	1.37321713122489	5.80349761917291	0.0374091754103237	0.739567235886318
ENSMUSG00000019803	-3.02553509210714	-2.46631819658186	5.80132578925476	0.0374376953881257	0.739567235886318
ENSMUSG00000071550	-3.02553509210714	-2.46631819658186	5.80132578925476	0.0374376953881257	0.739567235886318
ENSMUSG00000003072	-0.676044223765654	4.03268842634685	5.79398125199406	0.0375343404763077	0.739567235886318
ENSMUSG00000037197	5.93073733756288	-2.25481409138815	6.28243617231969	0.0375923743916804	0.739567235886318
ENSMUSG00000046691	5.93073733756288	-2.25481409138815	6.28243617231969	0.0375923743916804	0.739567235886318
ENSMUSG00000052062	5.93073733756288	-2.25481409138815	6.28243617231969	0.0375923743916804	0.739567235886318
ENSMUSG00000051074	1.36499681677925	-1.62678286877511	5.78936147645256	0.0375952882412621	0.739567235886318
ENSMUSG00000034958	-0.607773141313204	3.67377157531969	5.78904379674712	0.0375994837957405	0.739567235886318
ENSMUSG00000027942	-0.678033097429056	3.03142861397669	5.78824647109947	0.0376100165079215	0.739567235886318
ENSMUSG00000030835	-1.29796819594318	-0.648156519567672	5.77705860654314	0.0377581921130552	0.739567235886318
ENSMUSG00000032570	0.613236424438613	2.34780042769505	5.7761799075132	0.0377698602601708	0.739567235886318
ENSMUSG00000034449	0.459960832699586	3.27443897674672	5.77568975533902	0.0377763708632327	0.739567235886318
ENSMUSG00000038295	-0.504564695746317	2.35318865073108	5.77236634039745	0.0378205516085039	0.739567235886318
ENSMUSG00000037161	2.49854774890368	-1.8316026606636	5.76553193921821	0.0379116065069833	0.739567235886318
ENSMUSG00000078719	-0.970374830890721	-0.347923495779628	5.7578724930579	0.0380139741134921	0.739567235886318
ENSMUSG00000092675	-0.970374830890721	-0.347923495779628	5.7578724930579	0.0380139741134921	0.739567235886318
ENSMUSG00000034327	-2.36737106564853	-1.5047923443965	5.75772878388487	0.0380158980166606	0.739567235886318
ENSMUSG00000082413	-1.60131049480864	-1.44745916933054	5.7544769025909	0.0380594645326951	0.739567235886318
ENSMUSG00000083121	0.713034085030587	0.745185908611853	5.75007969852095	0.0381184730142798	0.739567235886318
ENSMUSG00000013419	0.859421022003147	0.330148409333008	5.74920593314973	0.0381302119468779	0.739567235886318
ENSMUSG00000040219	-2.0332761548743	-1.71424571002544	5.74143695679499	0.0382347829838414	0.740408925525492
ENSMUSG00000004933	-0.631759542984352	5.22018233060136	5.7294416863921	0.0383969339976761	0.740454436704034
ENSMUSG00000095734	-0.488497501682639	3.54078285979329	5.72571841862135	0.0384474367553585	0.740454436704034
ENSMUSG00000093424	0.583762754256265	1.14373528510213	5.71983563520882	0.0385273980451679	0.740454436704034
ENSMUSG00000033671	0.874731927834145	0.118644304139296	5.70421168117444	0.0387407607905394	0.740454436704034
ENSMUSG00000001472	-0.734398520462408	0.341036725475745	5.6971183720056	0.0388381076384213	0.740454436704034
ENSMUSG00000038738	-0.74951084748532	0.373217131224894	5.68933113812464	0.0389453245324695	0.740454436704034
ENSMUSG00000028750	4.95419631038687	-2.85626471489787	6.16509618960142	0.0389724222897914	0.740454436704034
ENSMUSG00000037214	4.95419631038687	-2.85626471489787	6.16509618960142	0.0389724222897914	0.740454436704034
ENSMUSG00000041730	4.95419631038687	-2.85626471489787	6.16509618960142	0.0389724222897914	0.740454436704034
ENSMUSG00000097225	4.95419631038687	-2.85626471489787	6.16509618960142	0.0389724222897914	0.740454436704034
ENSMUSG00000097336	4.95419631038687	-2.85626471489787	6.16509618960142	0.0389724222897914	0.740454436704034
ENSMUSG00000002732	2.11878615245051	-1.58496269308048	5.68236887080034	0.0390414915431153	0.740454436704034
ENSMUSG00000014351	0.632235232450829	1.39949645602374	5.67579941188449	0.0391325008997511	0.740454436704034
ENSMUSG00000027671	5.83289001416474	-2.32192828724669	6.14772830846194	0.0391821614424262	0.740454436704034
ENSMUSG00000029569	5.83289001416474	-2.32192828724669	6.14772830846194	0.0391821614424262	0.740454436704034
ENSMUSG00000037443	-1.47393118833241	-1.71424571002544	5.6697883189523	0.0392160037947026	0.740454436704034
ENSMUSG00000003070	-0.675907025714557	2.28152144085236	5.66118169176592	0.0393359445296118	0.741562206607308
ENSMUSG00000009569	0.762653793546968	1.1249580780715	5.64970054938339	0.0394966476918844	0.743433790069794
ENSMUSG00000097263	1.19575098881022	-0.856264714897872	5.64463139349442	0.0395678584512077	0.743617687631937
ENSMUSG00000036636	-3.39439773321981	-1.76004939963857	5.63651347919412	0.0396822271660138	0.744287800690103
ENSMUSG00000020530	0.4235457266669	5.98976597500388	5.63337818720282	0.0397265074151703	0.744287800690103
ENSMUSG00000035621	-0.663254009998682	4.84799671419563	5.61430013166987	0.0399972648460196	0.748202312876933
ENSMUSG00000018405	0.504322053204488	2.71201904467665	5.60057589456042	0.0401934460519956	0.749795345939008
ENSMUSG00000090263	1.42597297696	-1.41046496184834	5.59967764667905	0.0402063273167327	0.749795345939008
ENSMUSG00000031537	1.26259395550496	1.07691717852957	5.59359896336443	0.0402936319664069	0.750267427214496
ENSMUSG00000063334	-1.0836161184648	-0.831602660663605	5.58246235877596	0.0404541869334799	0.750955972192349
ENSMUSG00000087800	-0.897682298511187	0.524159029299635	5.57969100707973	0.0404942634665219	0.750955972192349
ENSMUSG00000104067	-1.00168048363892	-0.129283209304289	5.57673919061959	0.0405370034733944	0.750955972192349
ENSMUSG00000039630	0.441516663293145	5.36073195227571	5.57385629885181	0.040578799125324	0.750955972192349
ENSMUSG00000045193	-0.642567865446477	5.11805096872444	5.56281126666934	0.0407394198877204	0.751801187212639
ENSMUSG00000027323	1.75323398331096	0.0204639102003937	5.5618431463054	0.0407535359189696	0.751801187212639
ENSMUSG00000063108	2.22115032479749	-1.25481409138815	5.53599644964627	0.0411326397711059	0.751801187212639
ENSMUSG00000080384	2.66296501272243	-2.22239261369577	5.53582045027948	0.0411352360754442	0.751801187212639
ENSMUSG00000094407	-0.493655719149789	3.48910229295432	5.53073164294872	0.0412103924069587	0.751801187212639
ENSMUSG00000042641	1.7086978691434	-1.85626471489787	5.5162337116806	0.0414254407214374	0.751801187212639
ENSMUSG00000002205	-0.425690280029195	3.52475604774014	5.51474167312892	0.0414476505331126	0.751801187212639
ENSMUSG00000102628	2.12810482574768	-2.28798095532335	5.50140107272138	0.0416468859276607	0.751801187212639
ENSMUSG00000005087	5.78135971352466	-2.35669370540736	5.94650434742866	0.0417208933590362	0.751801187212639
ENSMUSG00000028180	2.51245000093679	-1.62678286877511	5.49531444698476	0.0417381785456871	0.751801187212639
ENSMUSG00000044709	-1.04350163863659	1.97225481715777	5.49440981449572	0.0417517680595017	0.751801187212639
ENSMUSG00000004931	-0.605571543316994	2.24720398437275	5.49403575200741	0.0417573888704301	0.751801187212639
ENSMUSG00000081534	-0.615419428454637	1.08017015632466	5.4869885503809	0.0418634573178175	0.751801187212639
ENSMUSG00000065126	0.900920226291999	-0.383328831910828	5.48403577104879	0.0419079986763332	0.751801187212639
ENSMUSG00000080540	0.900920226291999	-0.383328831910828	5.48403577104879	0.0419079986763332	0.751801187212639
ENSMUSG00000026867	0.640828385107744	2.99999980764068	5.48378788017328	0.0419117406551781	0.751801187212639
ENSMUSG00000039041	0.716598452969192	2.00685347868174	5.4791694607506	0.0419815322561176	0.751801187212639
ENSMUSG00000021685	0.627392522832429	2.87259407793638	5.47365648981806	0.0420650294940003	0.751801187212639
ENSMUSG00000053925	0.901870026143959	-0.152003285804372	5.47327403546063	0.0420708295790549	0.751801187212639
ENSMUSG00000020946	0.849807063681872	0.186621097955304	5.47195583576101	0.0420908281967984	0.751801187212639
ENSMUSG00000053080	5.93073733756288	-2.25481409138815	5.91628910606409	0.0421201026596605	0.751801187212639
ENSMUSG00000024070	-5.04439411935845	-3.01380599188435	6.26370374680375	0.0422050786875021	0.751801187212639
ENSMUSG00000040009	-5.04439411935845	-3.01380599188435	6.26370374680375	0.0422050786875021	0.751801187212639
ENSMUSG00000042306	0.622658320931127	1.13124434091893	5.45547313745191	0.0423418813936012	0.751801187212639
ENSMUSG00000010142	5.83289001416474	-2.32192828724669	5.88891213651142	0.0424860463688112	0.751801187212639
ENSMUSG00000019809	5.83289001416474	-2.32192828724669	5.88891213651142	0.0424860463688112	0.751801187212639
ENSMUSG00000031311	5.83289001416474	-2.32192828724669	5.88891213651142	0.0424860463688112	0.751801187212639
ENSMUSG00000067851	-0.830482942867175	0.367903331328427	5.43453188217918	0.0426635111429033	0.751801187212639
ENSMUSG00000018661	-1.10585463264116	-0.819427946717502	5.42993734913475	0.0427344792893816	0.751801187212639
ENSMUSG00000021185	1.51208362080406	-0.637430112974615	5.42542187840537	0.0428043680149798	0.751801187212639
ENSMUSG00000045962	0.605673379523609	3.23485144570376	5.42189959398584	0.042858982390976	0.751801187212639
ENSMUSG00000068205	-2.28481492187026	-1.76004939963857	5.4156790770266	0.0429556438103216	0.751801187212639
ENSMUSG00000092781	-0.601675104044263	2.25442108316976	5.41538408602484	0.0429602343826898	0.751801187212639
ENSMUSG00000101970	0.426075763834127	7.05000389534172	5.41509350033909	0.0429647569918255	0.751801187212639
ENSMUSG00000034593	0.450278744295632	5.37900677683606	5.41324676839397	0.0429935128233703	0.751801187212639
ENSMUSG00000034312	-1.19956449188219	-0.616213627064919	5.41105421032803	0.0430276843867545	0.751801187212639
ENSMUSG00000024378	-0.521531930030115	2.38115131276711	5.40945573164947	0.0430526181738153	0.751801187212639
ENSMUSG00000024184	1.03856765625949	-0.959358207861976	5.4046530373038	0.0431276399563931	0.751801187212639
ENSMUSG00000034177	0.444519200017402	2.86883705747749	5.39901384730501	0.0432159342212204	0.751801187212639
ENSMUSG00000100725	0.441485645467833	4.62532596835926	5.39293932765514	0.0433112939530737	0.751801187212639
ENSMUSG00000017428	0.411476210927292	5.7404391419347	5.38377520187544	0.0434556466030211	0.751801187212639
ENSMUSG00000102205	2.55799545312089	-2.28798095532335	5.38280865567759	0.0434709061182292	0.751801187212639
ENSMUSG00000103916	2.55799545312089	-2.28798095532335	5.38280865567759	0.0434709061182292	0.751801187212639
ENSMUSG00000052293	5.67242534197149	-2.4288434911632	5.81425913082008	0.0435048319095792	0.751801187212639
ENSMUSG00000078941	5.67242534197149	-2.4288434911632	5.81425913082008	0.0435048319095792	0.751801187212639
ENSMUSG00000054690	-0.921525941976915	-0.856264714897872	5.38016408589702	0.0435126914937048	0.751801187212639
ENSMUSG00000054206	-0.636358320595073	1.34645022166211	5.37770199877855	0.0435516380749891	0.751801187212639
ENSMUSG00000057181	0.427154502520961	4.17373642303301	5.3742646411307	0.0436060838984775	0.751801187212639
ENSMUSG00000028364	2.69458699189566	-2.54432070858313	5.36227688159239	0.0437966210794493	0.754012098043491
ENSMUSG00000057130	2.14135584924554	-1.8813556958607	5.35564889829395	0.0439024089584165	0.754759738101868
ENSMUSG00000040761	0.554849908827498	2.8697772302321	5.3443196493219	0.0440839632607551	0.756805967865134
ENSMUSG00000048349	0.667564592536993	2.10912153002079	5.338132766408	0.0441835005614596	0.757440378605306
ENSMUSG00000018651	-1.33231970073396	-0.658963274524256	5.32960251436438	0.0443211938877326	0.757936503441076
ENSMUSG00000060445	1.13750352374993	-0.946061385248519	5.32320125159603	0.044424869206342	0.757936503441076
ENSMUSG00000026792	-1.32093621101131	1.7574295043666	5.32172528593496	0.0444488164662548	0.757936503441076
ENSMUSG00000015599	-0.626162809425791	0.695145226112257	5.32085548645838	0.0444629362507778	0.757936503441076
ENSMUSG00000026730	5.61470984411521	-2.46631819658186	5.74006644916505	0.0445485603022194	0.758328024385038
ENSMUSG00000051855	0.938521338810895	0.817135750490868	5.29909860278894	0.044817930503072	0.760130576480515
ENSMUSG00000023452	-0.765820456838392	0.741081510279115	5.29597823050615	0.0448691299702513	0.760130576480515
ENSMUSG00000070565	0.698279024250788	0.59863724525891	5.29497004666158	0.0448856877972755	0.760130576480515
ENSMUSG00000039153	1.82448519979423	0.112302777265469	5.29375377592354	0.0449056731540583	0.760130576480515
ENSMUSG00000050377	-0.80247119822188	-0.129283209304289	5.28681219484374	0.0450199452172832	0.760807058304296
ENSMUSG00000022681	-0.782699020946252	1.11230277726547	5.28369607937873	0.0450713592335934	0.760807058304296
ENSMUSG00000033488	0.715955100873668	0.566525060105159	5.27964532643259	0.0451383025163275	0.760875870968122
ENSMUSG00000041798	-0.679113938412463	3.56652506010516	5.26289147173765	0.0454164850687453	0.762574339122642
ENSMUSG00000098108	4.85798099512757	-2.90689078796784	5.6781945654752	0.045443623668866	0.762574339122642
ENSMUSG00000039195	-0.742713390776525	1.46067997247523	5.25759185797959	0.0455049203819801	0.762574339122642
ENSMUSG00000090214	2.76081233612057	-2.15965685834781	5.2499327221026	0.0456331050460826	0.762574339122642
ENSMUSG00000041096	0.843215808423149	-0.190683753968432	5.24275095696344	0.045753705292881	0.762574339122642
ENSMUSG00000033701	1.41063232015884	-1.33920627867852	5.24029450350641	0.0457950456787811	0.762574339122642
ENSMUSG00000027102	0.504366378959085	1.9617113229163	5.24007965539625	0.0457986636128496	0.762574339122642
ENSMUSG00000049130	-0.742782920761522	0.728697785823284	5.23161945945614	0.0459414098469932	0.762574339122642
ENSMUSG00000013622	5.61470984411521	-2.46631819658186	5.64166291681657	0.0459829474907034	0.762574339122642
ENSMUSG00000031872	5.61470984411521	-2.46631819658186	5.64166291681657	0.0459829474907034	0.762574339122642
ENSMUSG00000021816	0.584545355990508	2.64110538639937	5.22834795203737	0.0459967561251511	0.762574339122642
ENSMUSG00000034472	-0.520534006609221	3.35184348043233	5.22525055098121	0.0460492327723871	0.762574339122642
ENSMUSG00000071454	-0.729382422747141	2.04896665678895	5.21961848798066	0.046144841487989	0.762574339122642
ENSMUSG00000057132	0.497128657272405	2.56071476211516	5.21509065651747	0.046221882679498	0.762574339122642
ENSMUSG00000007610	-2.37907200199097	-1.15965685834781	5.21190903329858	0.046276113065944	0.762574339122642
ENSMUSG00000047635	-0.844008804386062	-0.0560342272736511	5.1947406121832	0.0465701056341268	0.762574339122642
ENSMUSG00000028525	-0.632299055825743	1.40728780731459	5.18235947037638	0.0467835522175987	0.762574339122642
ENSMUSG00000022052	0.481211262127321	2.71516103148853	5.18057246751426	0.0468144591624794	0.762574339122642
ENSMUSG00000049881	0.722834733006783	1.06711400349921	5.16218461167839	0.0471339532802426	0.762574339122642
ENSMUSG00000086769	-0.504357489518814	1.77760738630423	5.16091249574551	0.0471561560500618	0.762574339122642
ENSMUSG00000028062	-0.602436521658913	3.46814864337908	5.15713852834588	0.0472221006921432	0.762574339122642
ENSMUSG00000037152	2.47804729680464	-2.07038952025072	5.15239448067313	0.0473051576803849	0.762574339122642
ENSMUSG00000033943	0.541925117579605	1.32467327926686	5.14976888584269	0.0473512031336779	0.762574339122642
ENSMUSG00000019564	-0.771051751330541	1.27727613605025	5.14581086484231	0.0474207201786721	0.762574339122642
ENSMUSG00000028910	-2.67735610502805	-1.5047923443965	5.13697442230164	0.0475763750601754	0.762574339122642
ENSMUSG00000035151	-1.85605148428641	-1.17508689891741	5.13607644333294	0.0475922283439035	0.762574339122642
ENSMUSG00000019813	0.744329226627829	3.54196297850194	5.13557786607949	0.0476010332444677	0.762574339122642
ENSMUSG00000029790	0.973963996459604	0.533681803418141	5.13475568274151	0.0476155574393261	0.762574339122642
ENSMUSG00000014301	-1.72454633491214	-1.5047923443965	5.13262353450501	0.0476532481873203	0.762574339122642
ENSMUSG00000063406	1.65711228647699	-0.584962693080479	5.13157829678092	0.0476717386852876	0.762574339122642
ENSMUSG00000030428	-0.474269716415412	5.28575428997455	5.13033638090198	0.0476937199836536	0.762574339122642
ENSMUSG00000084437	1.01773308592502	-0.544320708583131	5.1301453000773	0.0476971031308363	0.762574339122642
ENSMUSG00000068922	0.606417655563873	2.25009515776697	5.12974706180423	0.0477041550194063	0.762574339122642
ENSMUSG00000026480	0.564046293242563	1.40209825121202	5.12278514053942	0.0478276429539512	0.762574339122642
ENSMUSG00000034818	-0.852654756669501	2.06054134957573	5.12073175016583	0.0478641405801632	0.762574339122642
ENSMUSG00000026825	-0.501264274446812	4.10912153002079	5.12056168995055	0.0478671648274965	0.762574339122642
ENSMUSG00000038127	0.829934760886532	0.435501409479236	5.11465760686656	0.0479723059082804	0.762574339122642
ENSMUSG00000073478	-1.16077330307278	-1.62678286877511	5.1126261947661	0.0480085476310974	0.762574339122642
ENSMUSG00000041498	5.61470984411521	-2.46631819658186	5.50747897985602	0.0480358263571697	0.762574339122642
ENSMUSG00000040327	-0.453454344490007	4.32535880792831	5.10804106237644	0.0480904737691712	0.762574339122642
ENSMUSG00000023175	-0.534539374200265	3.53011812509506	5.10618268147354	0.0481237280782032	0.762574339122642
ENSMUSG00000020390	0.987606604418272	0.543142132667207	5.10398489947528	0.0481630923727256	0.762574339122642
ENSMUSG00000026955	-1.0594764784135	-0.584962693080479	5.10114905767157	0.0482139436843793	0.762574339122642
ENSMUSG00000026288	0.709611054454543	1.40209825121202	5.10009223733458	0.0482329111717589	0.762574339122642
ENSMUSG00000008601	-0.602379553798568	3.14839164753335	5.09456864829312	0.0483321969558348	0.762574339122642
ENSMUSG00000051403	-1.06977027830417	-0.428843491163195	5.07616854413417	0.0486647626828057	0.762574339122642
ENSMUSG00000098539	-1.4265026857723	-1.32192828724669	5.07395453411848	0.0487049692375922	0.762574339122642
ENSMUSG00000084989	-2.23173028591579	-2.46631819658186	5.06777114976436	0.0488174774125069	0.762574339122642
ENSMUSG00000101378	-2.23173028591579	-2.46631819658186	5.06777114976436	0.0488174774125069	0.762574339122642
ENSMUSG00000033061	0.81375516130173	0.616671168089172	5.06653954077118	0.0488399251658998	0.762574339122642
ENSMUSG00000100691	-0.581942413704757	2.03226861111302	5.0639691369849	0.0488868153733194	0.762574339122642
ENSMUSG00000038214	2.47804729680464	-2.07038952025072	5.06003258570671	0.0489587351856185	0.762574339122642
ENSMUSG00000056752	2.46247849419616	-1.85626471489787	5.05089907459548	0.049126106306773	0.762574339122642
ENSMUSG00000080885	0.631416176847608	1.74518590861185	5.04246627704566	0.0492812649869598	0.762574339122642
ENSMUSG00000062054	-0.940578913740451	-0.70301845460219	5.03773864511174	0.049368515630839	0.762574339122642
ENSMUSG00000054893	-1.79623154358589	-1.60572125324728	5.03745687276473	0.0493737218952555	0.762574339122642
ENSMUSG00000027763	0.870859949184693	1.56884264299856	5.03599504946064	0.0494007426725399	0.762574339122642
ENSMUSG00000080478	0.785935938422699	-0.00688657794456236	5.01412629297215	0.0498071612832912	0.762574339122642
ENSMUSG00000024571	1.885136042968	-0.78350837246256	5.01194456926487	0.0498479336977915	0.762574339122642
ENSMUSG00000032423	0.642506545128922	1.1249580780715	5.01187729868581	0.0498491915169577	0.762574339122642
ENSMUSG00000052783	-1.68805599368526	-1.22239261369577	5.00688630887532	0.049942622108343	0.762574339122642
ENSMUSG00000046688	1.88085273470699	-1.01380599188435	5.00560951418015	0.0499665582736151	0.762574339122642
