Gene.ID	logFC	logCPM	F	PValue	FDR
ENSMUSG00000074797	-0.736200531292072	5.90982623729345	97.9430501431996	4.53342459783056e-06	0.0106209938945812
ENSMUSG00000026258	-0.852514969613566	4.62253976617831	91.5225600097615	5.9733461410027e-06	0.0106209938945812
ENSMUSG00000037703	-0.744588068666243	4.7918138788025	73.3443000920965	1.45464100388272e-05	0.0106209938945812
ENSMUSG00000027300	-0.736120560361391	4.59029575266487	71.4756565971636	1.61176784896957e-05	0.0106209938945812
ENSMUSG00000079043	-0.736120560361391	4.59029575266487	71.4756565971636	1.61176784896957e-05	0.0106209938945812
ENSMUSG00000023868	-0.544308674432952	8.40421889950939	69.6433711833073	1.78654228672517e-05	0.0106209938945812
ENSMUSG00000040701	-0.54997300577891	7.12446580828787	61.8462666314177	2.85039889711814e-05	0.013090138252968
ENSMUSG00000049643	-0.658984086326546	6.56029017779799	59.1867266319568	3.38333260098458e-05	0.013090138252968
ENSMUSG00000023873	-0.652485106727794	7.99256054908056	55.74883087559	4.26652087358732e-05	0.013090138252968
ENSMUSG00000052429	-0.751696583710785	4.52912665021521	55.6204973564779	4.30465858325187e-05	0.013090138252968
ENSMUSG00000079434	-0.770256891815109	3.98235964850495	55.2934839434586	4.4037470994005e-05	0.013090138252968
ENSMUSG00000091123	-0.770256891815109	3.98235964850495	55.2934839434586	4.4037470994005e-05	0.013090138252968
ENSMUSG00000038406	-0.751676261500812	4.33707653896249	52.822028806939	5.25072622880394e-05	0.0144071849678028
ENSMUSG00000040721	-0.549939345465657	5.54088123989772	50.4095165182554	6.27856173687628e-05	0.0147495989284967
ENSMUSG00000003190	-0.751649166968563	4.11547702506061	49.7213714398013	6.61602418996206e-05	0.0147495989284967
ENSMUSG00000003421	-0.751649166968563	4.11547702506061	49.7213714398013	6.61602418996206e-05	0.0147495989284967
ENSMUSG00000056579	-0.592849756292791	4.87774405758968	48.7624893598257	7.12422034980338e-05	0.0149482905810286
ENSMUSG00000032135	-0.476083860420943	6.02138082511706	45.7666791524732	9.05280985239007e-05	0.0165382657778953
ENSMUSG00000079592	-0.476083860420943	6.02138082511706	45.7666791524732	9.05280985239007e-05	0.0165382657778953
ENSMUSG00000031834	-0.626458422683818	6.04147644361684	45.1862839512037	9.49757881593868e-05	0.0165382657778953
ENSMUSG00000040424	-0.657675200932682	4.5647844264242	43.9078110488478	0.000105757849907567	0.0165382657778953
ENSMUSG00000031284	0.933674960686749	4.83569935539224	43.3494328628195	0.000110936043832387	0.0165382657778953
ENSMUSG00000063316	-0.50207834118358	6.18233897945669	41.7149095750859	0.000127989162675875	0.0165382657778953
ENSMUSG00000075528	-0.50207834118358	6.18233897945669	41.7149095750859	0.000127989162675875	0.0165382657778953
ENSMUSG00000097487	-0.497156119752347	6.16713914488311	41.6981438951968	0.000128180144507457	0.0165382657778953
ENSMUSG00000022490	-0.563763709193892	4.45212662565474	40.671410532066	0.000140572979624555	0.0165382657778953
ENSMUSG00000020599	-0.518320308664954	6.18465479083555	40.3820572503584	0.000144328177240971	0.0165382657778953
ENSMUSG00000020893	-0.454818793117646	8.42484260216183	39.9674134801433	0.000149926562855351	0.0165382657778953
ENSMUSG00000034739	-0.476063110450581	5.28540202650293	39.5223691338009	0.000156235043834801	0.0165382657778953
ENSMUSG00000005575	-0.830537216496188	4.02187430726344	39.3048932873336	0.000159436168887167	0.0165382657778953
ENSMUSG00000097545	-0.462033689393721	6.61110659722113	38.9846126423884	0.000164298499078408	0.0165382657778953
ENSMUSG00000059070	-0.505564944547378	8.07125358706338	38.9765450927306	0.000164423309224724	0.0165382657778953
ENSMUSG00000083386	-0.485619520511103	5.00674664008126	38.8223680300817	0.000166831046070495	0.0165382657778953
ENSMUSG00000022051	-0.387103973967135	7.60872692735953	37.6863465621214	0.000185973788557401	0.0165382657778953
ENSMUSG00000092341	-0.401054275355746	8.80924988412711	37.6558259907906	0.000186524280273951	0.0165382657778953
ENSMUSG00000001313	-0.502058730730243	5.44625603753024	37.5950844434559	0.000187625824412999	0.0165382657778953
ENSMUSG00000010358	-0.502058730730243	5.44625603753024	37.5950844434559	0.000187625824412999	0.0165382657778953
ENSMUSG00000020895	-0.415551955984805	7.15042408981486	37.5836210119281	0.000187834607917051	0.0165382657778953
ENSMUSG00000059824	-0.502372188176792	7.2297265758345	37.5749468378501	0.00018799278024255	0.0165382657778953
ENSMUSG00000022477	-0.95019598223009	2.72973383257581	36.8925877706867	0.000200964659694227	0.0165382657778953
ENSMUSG00000020894	-0.433352748106005	8.37670404041361	36.8566780059043	0.000201677277820186	0.0165382657778953
ENSMUSG00000032010	-0.473725855018929	5.44036146327939	36.5851189464698	0.000207167940302197	0.0165382657778953
ENSMUSG00000029192	-0.386942292270263	8.30550426658228	36.3945365882546	0.000211131166781538	0.0165382657778953
ENSMUSG00000024941	-0.410879589796433	5.96154596789033	36.2931564830792	0.000213277327104901	0.0165382657778953
ENSMUSG00000092267	-0.410879589796433	5.96154596789033	36.2931564830792	0.000213277327104901	0.0165382657778953
ENSMUSG00000102349	-0.410879589796433	5.96154596789033	36.2931564830792	0.000213277327104901	0.0165382657778953
ENSMUSG00000041423	-0.686244889118826	3.96809055968593	35.8348848967854	0.000223319515022235	0.0168134935116298
ENSMUSG00000057342	-0.516504249073894	6.43685013050436	35.3800615237195	0.00023386618686994	0.0168134935116298
ENSMUSG00000003273	-0.502362698036384	6.49318811465417	35.3416061888232	0.000234785663616389	0.0168134935116298
ENSMUSG00000035545	-0.438040343989312	7.06919593801067	35.3043313499581	0.000235681153793522	0.0168134935116298
ENSMUSG00000054161	-0.505949249338602	6.48623148562169	35.1022264406983	0.000240610187399617	0.0168285595775379
ENSMUSG00000040785	-0.665933965346641	4.1256141766052	34.7999986067604	0.000248219527314647	0.0170269048832951
ENSMUSG00000036646	-0.403275480995779	7.49007069862834	34.2315229215751	0.000263349650057851	0.0173048455906835
ENSMUSG00000001065	-0.510037785269508	6.45359054768892	34.2136753852136	0.000263842735094065	0.0173048455906835
ENSMUSG00000043488	-0.400663017111042	7.4938552568815	34.1065788121657	0.000266825485698792	0.0173048455906835
ENSMUSG00000029190	-0.364256971230146	7.13288506126584	33.6419035524608	0.000280256859811839	0.0178513610526577
ENSMUSG00000097239	-0.502034219839412	4.86239609325624	33.3401611880847	0.000289424520491991	0.0179719883955435
ENSMUSG00000027655	-0.535071972022221	5.51972341448718	33.2142530036388	0.000293358596223132	0.0179719883955435
ENSMUSG00000030382	-0.830401721116692	3.34735049940795	33.0328920422364	0.000299141420572653	0.0179719883955435
ENSMUSG00000018167	-0.396717225256051	7.15931054793217	32.7834352802313	0.000307326041783175	0.0179719883955435
ENSMUSG00000003363	-0.667375450726514	3.55731458368317	32.5124181900987	0.000316531987214208	0.0179719883955435
ENSMUSG00000072809	-0.459335277757464	5.81235541075665	32.4750006829685	0.00031782944084595	0.0179719883955435
ENSMUSG00000026966	-0.406771488624296	7.03830916453815	32.4407990319165	0.000319021101089785	0.0179719883955435
ENSMUSG00000040521	-0.408104542330956	6.70228795017414	32.3258368514071	0.000323067053744612	0.0179719883955435
ENSMUSG00000001420	-0.686197283715039	3.6476980637098	32.1551852066532	0.000329189789349934	0.0179719883955435
ENSMUSG00000031751	-0.586059592884678	4.46814864337909	31.9433585378728	0.000336989317397296	0.0179719883955435
ENSMUSG00000087371	-0.657555065796105	3.56884264299856	31.834139477817	0.000341099443017452	0.0179719883955435
ENSMUSG00000059518	-0.680038862291201	3.85466044447664	31.7943652941752	0.000342611497307811	0.0179719883955435
ENSMUSG00000098462	-0.405047217238395	6.46234302169788	31.5155872166315	0.000353443777370196	0.0182715065779636
ENSMUSG00000026785	-0.613227302774725	5.69565343906928	31.3316526681677	0.000360821516142061	0.0183864335439819
ENSMUSG00000020892	-0.431890920172669	8.32358004423686	30.9951526971112	0.000374814686757378	0.0187388100921126
ENSMUSG00000052087	-0.57133443368953	4.37928189555405	30.7777787701719	0.000384209113851511	0.0187388100921126
ENSMUSG00000001415	-0.620292277431477	3.6438559974154	30.6650393279962	0.000389195319281157	0.0187388100921126
ENSMUSG00000086155	-0.438019633612166	5.74834176529093	30.623791763489	0.000391039437859276	0.0187388100921126
ENSMUSG00000032503	-0.343501748886031	9.37854755561843	30.5026803534087	0.000396516502799165	0.0187388100921126
ENSMUSG00000098865	-0.398446148148504	6.50514972658381	30.4428506547636	0.000399256957387316	0.0187388100921126
ENSMUSG00000052915	-0.355825088581228	7.87101516884673	30.0815662037394	0.000416308861222985	0.0188035173551963
ENSMUSG00000030428	-0.43434278392654	6.09451740642497	30.0507506037692	0.000417804314120679	0.0188035173551963
ENSMUSG00000026959	-0.38276076462026	6.3000218157757	30.034321974606	0.000418604276422831	0.0188035173551963
ENSMUSG00000015790	-0.45190670045231	5.30012353220969	29.9403189177803	0.000423217931843229	0.0188035173551963
ENSMUSG00000000743	-0.51000475621656	5.23266056443095	29.6850092964604	0.000436067313639297	0.0188035173551963
ENSMUSG00000042766	-0.791730767924959	2.91328817444735	29.6188838662161	0.000439473117288139	0.0188035173551963
ENSMUSG00000078676	-0.371343786631675	7.13242813262957	29.5942838169456	0.000440748479555465	0.0188035173551963
ENSMUSG00000055053	-0.536191935335406	5.01470224206233	29.5423854841753	0.000443454033396564	0.0188035173551963
ENSMUSG00000061718	-0.375342360661399	7.11223657278018	29.4298063722751	0.000449393436943218	0.0188035173551963
ENSMUSG00000042625	-0.447207866045756	6.46070597236784	29.3558045438206	0.000453350852970812	0.0188035173551963
ENSMUSG00000055978	-0.502315252766296	4.91035938402565	28.7683484972833	0.000486334174046429	0.0195587055023593
ENSMUSG00000024830	-0.391805673521695	7.01340003072298	28.6810296009432	0.000491485070931474	0.0195587055023593
ENSMUSG00000040364	-0.505901220438638	4.9034130611501	28.6632138349006	0.000492544229622401	0.0195587055023593
ENSMUSG00000037727	-0.708171621482579	3.08179389880433	28.6473231371334	0.000493491307881226	0.0195587055023593
ENSMUSG00000061046	-0.352216940804419	8.37990759525965	28.4564314822111	0.000505045058443098	0.0195840014828393
ENSMUSG00000031778	-0.594048656468959	3.53051452433946	28.4553702163203	0.000505110214864372	0.0195840014828393
ENSMUSG00000071054	-0.477346372915691	4.78194231052527	28.2181808274784	0.000519935110174121	0.0199420272902268
ENSMUSG00000024077	-0.429280316112732	6.89306533683482	28.080463864973	0.000528788137468038	0.0200658221951967
ENSMUSG00000020889	-0.371800444109049	5.88318614265793	27.7894940325101	0.000548109755260149	0.0205800789159258
ENSMUSG00000074643	-0.304866165974369	9.59494639693446	27.6273132949606	0.000559255778479398	0.0206199973341145
ENSMUSG00000025736	-0.35221527197562	7.92058424325934	27.6060964356647	0.00056073443829804	0.0206199973341145
ENSMUSG00000005442	-0.433795925442946	6.91249000289676	27.3462008770329	0.000579242859662536	0.0207416429726272
ENSMUSG00000041798	-0.764183314197892	4.75607422475459	27.2647363084255	0.000585198279092353	0.0207416429726272
ENSMUSG00000027620	-0.298500632670094	10.7305029666996	27.1528496511488	0.000593500782613715	0.0207416429726272
ENSMUSG00000065597	-0.461973563488236	4.61405521988216	27.0449112288994	0.000601647832344592	0.0207416429726272
ENSMUSG00000092972	-0.461973563488236	4.61405521988216	27.0449112288994	0.000601647832344592	0.0207416429726272
ENSMUSG00000037428	-0.699593314455395	3.23010032411239	27.0160347157527	0.000603850643089912	0.0207416429726272
ENSMUSG00000028782	-1.4231249363641	2.35676965174034	26.8936600552373	0.000613296524914112	0.0207416429726272
ENSMUSG00000011148	-0.523852073996167	4.43666508656889	26.7648177541761	0.000623438547537188	0.0207416429726272
ENSMUSG00000064326	-0.523852073996167	4.43666508656889	26.7648177541761	0.000623438547537188	0.0207416429726272
ENSMUSG00000036160	-0.451885850132242	4.78659616953149	26.6540640719149	0.000632321789085265	0.0207416429726272
ENSMUSG00000062647	-0.451885850132242	4.78659616953149	26.6540640719149	0.000632321789085265	0.0207416429726272
ENSMUSG00000006471	-0.363757759235752	8.64947555673453	26.5147192729785	0.000643720220402289	0.0207416429726272
ENSMUSG00000098950	-0.304865338484637	9.01004608000422	26.4258728060534	0.000651119767439133	0.0207416429726272
ENSMUSG00000089197	-0.364235104396073	5.54929247878733	26.3031837305061	0.000661510459482726	0.0207416429726272
ENSMUSG00000025731	-0.343987984981529	6.91998867618586	26.188061755512	0.000671446098219916	0.0207416429726272
ENSMUSG00000104056	-0.549787925645631	3.54706570060331	26.1284589433715	0.000676662153016465	0.0207416429726272
ENSMUSG00000104389	-0.549787925645631	3.54706570060331	26.1284589433715	0.000676662153016465	0.0207416429726272
ENSMUSG00000023781	-0.432200430086923	5.75340229161756	26.0429600318213	0.000684231676439669	0.0207416429726272
ENSMUSG00000000791	-0.626253864535706	3.46379661883938	25.9567518111358	0.000691969586134745	0.0207416429726272
ENSMUSG00000031838	-0.626253864535706	3.46379661883938	25.9567518111358	0.000691969586134745	0.0207416429726272
ENSMUSG00000035559	-0.626253864535706	3.46379661883938	25.9567518111358	0.000691969586134745	0.0207416429726272
ENSMUSG00000099031	-0.626253864535706	3.46379661883938	25.9567518111358	0.000691969586134745	0.0207416429726272
ENSMUSG00000038216	-0.39668793927746	5.35363676225538	25.4318149870102	0.000741479856054351	0.0217869087183734
ENSMUSG00000002274	-0.360402605220477	6.05528224314187	25.4151661909806	0.000743120116992815	0.0217869087183734
ENSMUSG00000025737	-0.35220915307266	6.92098115143028	25.2452892384026	0.000760114068026745	0.0217869087183734
ENSMUSG00000027893	-0.374476561494603	6.15852534670871	25.2441897873065	0.00076022559961198	0.0217869087183734
ENSMUSG00000032131	-0.42038448031447	7.65033356148661	25.2099184168473	0.000763712291814643	0.0217869087183734
ENSMUSG00000002205	-0.489497102210681	4.57692498929642	25.1439258550361	0.000770481734756124	0.0217869087183734
ENSMUSG00000057788	-0.418277291208637	6.42831344854988	25.0838385225203	0.00077670964627699	0.0217869087183734
ENSMUSG00000089824	-0.304863849014483	8.33208609896137	25.0832248701367	0.000776773568286709	0.0217869087183734
ENSMUSG00000087038	-0.343491618549529	6.8767213772882	24.9840485297645	0.000787189894866813	0.0217869087183734
ENSMUSG00000024426	-0.322278228154879	8.59858998639261	24.9771560021346	0.000787920163910895	0.0217869087183734
ENSMUSG00000025422	-0.402953240460125	4.6852547530147	24.9023986201573	0.000795894488223314	0.0218381203037889
ENSMUSG00000014873	-0.451874267459217	4.5647844264242	24.81398012046	0.000805454430793304	0.021919153623129
ENSMUSG00000022285	-0.302380986165472	7.96132087086915	24.7240768364178	0.000815319969614814	0.021919153623129
ENSMUSG00000020886	-0.320484878858298	7.73749128851494	24.7063500021198	0.000817282711487568	0.021919153623129
ENSMUSG00000017210	-0.318034994247728	7.95264399841481	24.4798078285909	0.000842884333717446	0.0221607407825258
ENSMUSG00000067847	-0.304862856042496	8.01023261529691	24.4628262658508	0.000844842853011462	0.0221607407825258
ENSMUSG00000080115	-0.399066073264378	4.66264840517577	24.462082848103	0.000844928720612141	0.0221607407825258
ENSMUSG00000088171	-0.406732276378419	5.04050263659985	24.083857267542	0.000890041338669337	0.0231735580659382
ENSMUSG00000040663	-0.398088001151244	5.50356056353616	23.9663619238518	0.000904654637395572	0.0231809102617424
ENSMUSG00000054766	-0.387425808462427	8.34715361165044	23.9396615070829	0.000908016468524697	0.0231809102617424
ENSMUSG00000015165	-0.384295991213289	8.2106711514263	23.8955170375664	0.000913608405160823	0.0231809102617424
ENSMUSG00000064759	-0.501960701669052	3.86569871592909	23.8198163872523	0.000923296518445912	0.0231809102617424
ENSMUSG00000098600	-0.501960701669052	3.86569871592909	23.8198163872523	0.000923296518445912	0.0231809102617424
ENSMUSG00000059796	-0.380599210749297	8.38753850779619	23.6917278949129	0.000939978407885918	0.0231809102617424
ENSMUSG00000035007	-0.503472240341726	3.83569935539224	23.5743851527591	0.00095558694425299	0.0231809102617424
ENSMUSG00000032807	-0.429025213650373	5.7036727159572	23.5428188917273	0.000959840026314117	0.0231809102617424
ENSMUSG00000097386	-0.429025213650373	5.7036727159572	23.5428188917273	0.000959840026314117	0.0231809102617424
ENSMUSG00000006736	-0.391652681013256	5.0482747498931	23.5415746042261	0.00096000815144744	0.0231809102617424
ENSMUSG00000038116	-0.298710970118032	8.66809686450291	23.5282591937217	0.000961809565107338	0.0231809102617424
ENSMUSG00000024436	-0.322515914916133	7.60073869911513	23.4172659385776	0.000976988374653572	0.0233887082710691
ENSMUSG00000093005	-0.585945907178842	3.47248757910342	23.290675803715	0.000994661102197842	0.0235240431521613
ENSMUSG00000018761	-0.380597773333258	8.00911304159399	23.2686194750295	0.000997780354155893	0.0235240431521613
ENSMUSG00000040502	-0.388911505286105	5.05286970906648	23.2359245497786	0.00100242628514957	0.0235240431521613
ENSMUSG00000050705	-0.32056940379097	7.75533251735	22.8874099780639	0.0010536405162467	0.0245620823363145
ENSMUSG00000053898	-0.384291302436445	7.31786460603263	22.8419859830828	0.00106055012025018	0.0245620823363145
ENSMUSG00000026360	-0.370260234154756	5.32592983308554	22.79784586449	0.00106731784752698	0.0245620823363145
ENSMUSG00000031671	-0.365004616520503	7.07574634570158	22.6237027012782	0.00109454136503103	0.0249499522107897
ENSMUSG00000045691	-0.421653553544602	4.91621103122568	22.6009459692259	0.00109816161959461	0.0249499522107897
ENSMUSG00000027618	-0.298115544253329	8.07729028785606	22.4526437117777	0.0011221181948122	0.0252931890940257
ENSMUSG00000053964	-0.384289609295315	7.09557265092469	22.4201613589388	0.0011274508174797	0.0252931890940257
ENSMUSG00000042289	-0.670613441903858	5.19989023048228	22.3737341759136	0.0011351269415077	0.0253062362522373
ENSMUSG00000097467	-0.475959387969895	3.70536340442105	22.3259468916411	0.00114309512746995	0.0253255920477349
ENSMUSG00000036281	-0.497476798351228	6.53207428848538	22.098293720806	0.00118201219279564	0.0260012512395801
ENSMUSG00000036564	-0.365002336561475	6.81285452684566	22.0631143314741	0.00118817043791745	0.0260012512395801
ENSMUSG00000026927	-0.497475039891452	6.42523902703514	21.9725726599017	0.00120420227725032	0.0261913995301945
ENSMUSG00000032596	-0.456542485612964	7.08197138481561	21.697401984464	0.00125458458526286	0.0269806969487454
ENSMUSG00000060950	-0.553124709253875	4.36845776623048	21.6508997984552	0.00126335295383204	0.0269806969487454
ENSMUSG00000026926	-0.504368968122824	5.29155425348452	21.6104868773356	0.0012710343838711	0.0269806969487454
ENSMUSG00000080839	-0.476291075942995	3.78833750352791	21.5859980853548	0.00127571699459421	0.0269806969487454
ENSMUSG00000032595	-0.456541465425721	6.98248641754337	21.5724760682239	0.0012783116861054	0.0269806969487454
ENSMUSG00000027654	-0.53494753782168	3.71760007693995	21.5239688108768	0.00128767310073244	0.0270184114724272
ENSMUSG00000019813	-0.977637521109819	3.71516103148853	21.4619298015	0.00129976913518695	0.027112728100654
ENSMUSG00000039220	-0.316497282115526	7.54092427908392	21.4032497324527	0.00131133902737859	0.0271950366898805
ENSMUSG00000018565	-0.313477801448886	7.36189485731638	21.3088488433555	0.00133021882985738	0.0274271130988512
ENSMUSG00000039849	-0.524272547207487	5.13659225144819	21.0729773174275	0.00137887285600969	0.0281785128971734
ENSMUSG00000034789	-0.562212458717322	3.34182745996575	20.9926784928582	0.00139593381222004	0.0281785128971734
ENSMUSG00000028820	-0.278479868332938	7.99265495702751	20.9571024447245	0.00140357550007342	0.0281785128971734
ENSMUSG00000058794	-0.318278276705297	6.89481757094862	20.9448219477877	0.00140622526714943	0.0281785128971734
ENSMUSG00000025735	-0.370147276639147	5.14295776148272	20.9036372524194	0.00141515670978839	0.0281785128971734
ENSMUSG00000028786	-0.545472206346021	3.9675783299483	20.8044849544946	0.00143694687199375	0.0281785128971734
ENSMUSG00000057411	-0.360379767987806	5.05672782947613	20.7904921231777	0.00144005511384546	0.0281785128971734
ENSMUSG00000024387	-0.347530095683344	7.40286975676178	20.7789913945846	0.00144261597214516	0.0281785128971734
ENSMUSG00000028059	-0.326826267579723	7.31167244822243	20.7178771556372	0.00145631853350833	0.0281785128971734
ENSMUSG00000023911	-0.363315540983351	5.5596955497514	20.6891002687295	0.00146282605346159	0.0281785128971734
ENSMUSG00000048992	-0.363315540983351	5.5596955497514	20.6891002687295	0.00146282605346159	0.0281785128971734
ENSMUSG00000003119	-0.8785248772491	2.07038913553208	20.6364017625841	0.00147483606768254	0.0281785128971734
ENSMUSG00000021772	-0.898784151826812	2.55117399490555	20.593381134565	0.00148473045754576	0.0281785128971734
ENSMUSG00000030595	-0.384277757727594	6.09627571869733	20.5229738052948	0.00150110025314131	0.0281785128971734
ENSMUSG00000053522	-0.384277757727594	6.09627571869733	20.5229738052948	0.00150110025314131	0.0281785128971734
ENSMUSG00000042408	-0.278478951305431	7.72969607310343	20.5164682833281	0.00150262396662474	0.0281785128971734
ENSMUSG00000018774	-0.380583240073364	6.27301830204709	20.4719903308245	0.00151309262147495	0.0281785128971734
ENSMUSG00000085890	-0.380583240073364	6.27301830204709	20.4719903308245	0.00151309262147495	0.0281785128971734
ENSMUSG00000086128	-0.327426055009363	5.77960973921538	20.3603970796457	0.00153975535502326	0.0281785128971734
ENSMUSG00000032109	-0.41399826375047	5.80046834411304	20.290622297261	0.00155672021002483	0.0281785128971734
ENSMUSG00000032586	-0.45652616316874	5.98324679794093	20.2805285485056	0.0015591933633303	0.0281785128971734
ENSMUSG00000028796	-1.75829410360672	0.942774938947728	20.2320343023006	0.00157114291429101	0.0281785128971734
ENSMUSG00000057738	-0.342053094594217	8.62156332279695	20.1510844966419	0.00159134179175313	0.0281785128971734
ENSMUSG00000053128	-0.480644408290684	3.43740511994798	20.1083370277392	0.00160213709509218	0.0281785128971734
ENSMUSG00000037236	-0.27907557067374	7.69689007906004	20.075060738009	0.00161060295046904	0.0281785128971734
ENSMUSG00000022208	-0.432117559540129	4.66896356098455	20.0692219769742	0.00161209406212802	0.0281785128971734
ENSMUSG00000045176	-0.415465437527826	4.15515534975265	20.0411562015195	0.0016192852741548	0.0281785128971734
ENSMUSG00000064899	-0.415465437527826	4.15515534975265	20.0411562015195	0.0016192852741548	0.0281785128971734
ENSMUSG00000084069	-0.415465437527826	4.15515534975265	20.0411562015195	0.0016192852741548	0.0281785128971734
ENSMUSG00000088787	-0.415465437527826	4.15515534975265	20.0411562015195	0.0016192852741548	0.0281785128971734
ENSMUSG00000024194	-0.622366271786723	3.72731523177317	20.0063415322395	0.00162826062354085	0.0281785128971734
ENSMUSG00000085334	-0.27847757577553	7.40788125366851	19.9839527121385	0.00163406486660251	0.0281785128971734
ENSMUSG00000032594	-0.456521062646267	5.76110774770469	19.982742899131	0.00163437923127252	0.0281785128971734
ENSMUSG00000020834	-0.466857021276236	5.80104346672018	19.9760888936634	0.00163610957547234	0.0281785128971734
ENSMUSG00000018160	-0.663966223415842	3.63742972825597	19.9490883393196	0.00164315410221813	0.0281785128971734
ENSMUSG00000042308	-0.67052137748649	4.08746264889102	19.804367854062	0.00168155419300197	0.0286990612748231
ENSMUSG00000006728	-0.334602159520478	6.40116377109879	19.6886490707705	0.00171305526265874	0.0290974672471606
ENSMUSG00000035759	-0.531807720756481	3.87118634156752	19.5781176812392	0.00174382435320794	0.0292588955062445
ENSMUSG00000037791	-0.505114732222769	6.72246583211177	19.5736136168846	0.00174509251662717	0.0292588955062445
ENSMUSG00000089718	-0.343467018802907	5.29339481725646	19.5662544071987	0.00174716701509113	0.0292588955062445
ENSMUSG00000097637	-0.509889188561101	3.65280495414289	19.4216169491137	0.00178856137596699	0.0298121421872628
ENSMUSG00000011658	-0.384533913805246	7.06153601603262	19.2783395646129	0.00183076177208021	0.0302585382990767
ENSMUSG00000022957	-0.42234488126677	7.06859896897791	19.2099140739991	0.00185134729195673	0.0302585382990767
ENSMUSG00000048731	-0.676832765790779	3.91062588352597	19.2041528426091	0.00185309349361719	0.0302585382990767
ENSMUSG00000085886	-0.458426864247514	3.62449067254847	19.1431285182269	0.00187171458813062	0.0302585382990767
ENSMUSG00000023707	-0.604781653372496	5.01495014910665	19.1340548159803	0.00187450297027771	0.0302585382990767
ENSMUSG00000029408	-0.604781653372496	5.01495014910665	19.1340548159803	0.00187450297027771	0.0302585382990767
ENSMUSG00000007877	-0.396646946216406	4.35598706694172	19.0784941307642	0.00189168882553801	0.0302585382990767
ENSMUSG00000038255	-0.396646946216406	4.35598706694172	19.0784941307642	0.00189168882553801	0.0302585382990767
ENSMUSG00000085944	-0.396646946216406	4.35598706694172	19.0784941307642	0.00189168882553801	0.0302585382990767
ENSMUSG00000080342	-0.453468835619694	4.22239222897713	18.9614370266036	0.00192853515496975	0.0307102004365049
ENSMUSG00000006469	-0.359802019380055	7.45624012610286	18.8937491380431	0.00195024433138028	0.0309178734668154
ENSMUSG00000022999	-0.389824874020251	7.22673309881514	18.771267767298	0.00199029639794138	0.0314132179268005
ENSMUSG00000056812	-0.332115990625671	5.37039661216252	18.7399451369569	0.00200070104572815	0.0314383287670146
ENSMUSG00000031748	-0.549055270328194	3.56342914681219	18.6889312499917	0.0020177902553714	0.0315677975478499
ENSMUSG00000029165	-0.829824608293966	3.87282856717556	18.5989692446362	0.00204836640946893	0.0319062138977103
ENSMUSG00000009575	-0.318267036383779	5.89562557715338	18.5257946594133	0.00207365799857838	0.0320293377819619
ENSMUSG00000005566	-0.829860193524624	2.03952817182731	18.4974685069968	0.00208355148788153	0.0320293377819619
ENSMUSG00000049600	-0.829860193524624	2.03952817182731	18.4974685069968	0.00208355148788153	0.0320293377819619
ENSMUSG00000093390	-0.37992573733043	4.90795867063669	18.4713793538773	0.00209271506147801	0.0320293377819619
ENSMUSG00000084876	-0.4599034861532	5.02729149930842	18.4474386492715	0.00210116765937177	0.0320293377819619
ENSMUSG00000021486	-0.542531110680305	3.25382103531314	18.3905289066329	0.00212142958237139	0.0322005928524203
ENSMUSG00000025374	-0.46382005802261	5.62400319322608	18.3653283465319	0.00213047862614483	0.0322009205909263
ENSMUSG00000033760	-0.417077175345591	6.31177334657131	18.1036017089715	0.00222732497116023	0.0332561841522879
ENSMUSG00000000631	-0.444664409432257	3.64257303153193	18.0854577690239	0.00223423744629453	0.0332561841522879
ENSMUSG00000039630	-0.318982727640981	7.37344502058742	18.068041097038	0.00224089768412353	0.0332561841522879
ENSMUSG00000024006	-0.335568506584134	6.78507077624895	18.0582185094534	0.00224466466972075	0.0332561841522879
ENSMUSG00000022433	-0.877639310405116	3.40144824217157	18.0523642950537	0.00224691347931073	0.0332561841522879
ENSMUSG00000025871	-1.23786383009889	0.938599262976533	18.0075844623017	0.00226420697309815	0.0333398324586938
ENSMUSG00000085385	-0.328614611386738	7.40783405664419	17.9894456358173	0.0022712585611053	0.0333398324586938
ENSMUSG00000029404	-0.604741459112009	4.43147419673019	17.8779821329653	0.00231518882564558	0.0338454038568761
ENSMUSG00000005202	-0.358956175770396	5.00100133148575	17.8393178800297	0.00233067100958576	0.0339326673109894
ENSMUSG00000028060	-0.370826427670405	4.90528651754661	17.8092518940883	0.00234279831138103	0.0339705755150249
ENSMUSG00000027652	-0.328613594405856	7.23797985015937	17.7401600122724	0.00237096240906392	0.0342397688790729
ENSMUSG00000060938	-0.674875075327478	2.55254083066946	17.6872973155375	0.00239279257965952	0.034361893017032
ENSMUSG00000032120	-0.469171967039817	3.72185850941668	17.6500595477167	0.00240831882653715	0.034361893017032
ENSMUSG00000088028	-0.469171967039817	3.72185850941668	17.6500595477167	0.00240831882653715	0.034361893017032
ENSMUSG00000042788	-2.05675477829723	-0.0995358659102361	17.5788078335428	0.00243837409805204	0.0344416170638845
ENSMUSG00000002963	-0.467635702346707	5.98032982750054	17.5696634425015	0.00244226469605499	0.0344416170638845
ENSMUSG00000032119	-0.4436777594789	4.36457223993653	17.546686548454	0.00245207426138359	0.0344416170638845
ENSMUSG00000079323	-0.456485362206451	4.76288010055768	17.5231232581498	0.00246218456722472	0.0344416170638845
ENSMUSG00000093456	-0.456485362206451	4.76288010055768	17.5231232581498	0.00246218456722472	0.0344416170638845
ENSMUSG00000049932	-0.425777180627804	4.43814477392003	17.436398666329	0.0024998400138654	0.0345649207639235
ENSMUSG00000024335	-0.362901073471833	8.30032694356581	17.3935961010554	0.00251868574885849	0.0345649207639235
ENSMUSG00000038520	-0.370522897488039	6.31751291912708	17.3064773195828	0.00255758657386302	0.0345649207639235
ENSMUSG00000026925	-0.497392992396192	4.31348753972739	17.2686305105597	0.00257471631053993	0.0345649207639235
ENSMUSG00000026928	-0.497392992396192	4.31348753972739	17.2686305105597	0.00257471631053993	0.0345649207639235
ENSMUSG00000086714	-0.497392992396192	4.31348753972739	17.2686305105597	0.00257471631053993	0.0345649207639235
ENSMUSG00000083015	-0.592503603464233	2.56884264299856	17.249453404656	0.00258344988080097	0.0345649207639235
ENSMUSG00000088250	-0.592503603464233	2.56884264299856	17.249453404656	0.00258344988080097	0.0345649207639235
ENSMUSG00000098948	-0.592503603464233	2.56884264299856	17.249453404656	0.00258344988080097	0.0345649207639235
ENSMUSG00000071172	-0.353615839716284	5.04244959376563	17.2412762471331	0.0025871849749254	0.0345649207639235
ENSMUSG00000017417	-0.315819238998251	6.10340419276004	17.2377279038293	0.00258880782449452	0.0345649207639235
ENSMUSG00000025733	-0.430962920970251	5.41127538812332	17.2096206338197	0.00260170715162546	0.0345649207639235
ENSMUSG00000054728	-0.308000081028754	7.19114129499269	17.160074407573	0.00262463862980367	0.0345649207639235
ENSMUSG00000036731	-0.359790514754275	6.23457776742524	17.1466237241054	0.00263090687870625	0.0345649207639235
ENSMUSG00000037787	-0.467100862004686	6.30042863848996	17.1223883786538	0.00264224752205022	0.0345649207639235
ENSMUSG00000033594	-0.453712399739166	4.34813778185089	17.1202280975511	0.00264326131677885	0.0345649207639235
ENSMUSG00000074024	-0.328363320278547	6.37194581503985	17.1186214130056	0.00264401562543221	0.0345649207639235
ENSMUSG00000012405	-0.898508867867831	2.07229620129673	17.1156254809023	0.00264542286755007	0.0345649207639235
ENSMUSG00000015776	-0.451793205506265	3.56884264299856	17.0887281271258	0.00265809839331696	0.034603784558254
ENSMUSG00000098453	-0.339199130342651	5.80706845228076	17.0491120758765	0.00267690405303618	0.0346788320380779
ENSMUSG00000022555	-1.3408095606459	1.07800231964195	17.0357007597825	0.00268330744112966	0.0346788320380779
ENSMUSG00000032115	-0.49253574377669	5.06249573337444	16.8493237142696	0.00277427688271656	0.0356195438903818
ENSMUSG00000099384	-0.297965894225078	6.60831624244091	16.8213016413303	0.00278828041449183	0.0356195438903818
ENSMUSG00000100725	-0.318977338424995	6.63686606540805	16.8138642630547	0.00279201170734575	0.0356195438903818
ENSMUSG00000033768	-0.429763619752296	7.85922396961888	16.8058499403412	0.00279603932977485	0.0356195438903818
ENSMUSG00000072235	-0.391097069154428	5.95806912717476	16.7811784436044	0.00280848302397579	0.0356292838891488
ENSMUSG00000023004	-0.398783524450773	5.39688996020926	16.7648009601758	0.00281678106440705	0.0356292838891488
ENSMUSG00000038271	-0.294722345912268	6.09697844401122	16.71590840226	0.00284173373784452	0.0358178948512064
ENSMUSG00000045573	-0.542120512491692	3.85022137931014	16.5795925448893	0.00291275394594705	0.0364749451180383
ENSMUSG00000021134	-0.327829137440556	6.45724386704021	16.561954452152	0.00292210216413949	0.0364749451180383
ENSMUSG00000093076	-0.343940172796115	4.60123410175522	16.556909235834	0.00292478292496309	0.0364749451180383
ENSMUSG00000024393	-0.357113586341354	5.53034111307164	16.5381714920388	0.00293476569915251	0.0364749451180383
ENSMUSG00000025373	-0.463574395535235	3.38619762403954	16.5133639658354	0.00294804681406596	0.0365127881450461
ENSMUSG00000044349	-0.334470891315289	6.5462083314446	16.4104796202521	0.00300392339965351	0.0368841567348076
ENSMUSG00000020888	-0.304085173189318	6.462888292271	16.4046870781929	0.00300710792135407	0.0368841567348076
ENSMUSG00000017404	-0.315812802531998	5.68883290613379	16.4011539982444	0.00300905231562349	0.0368841567348076
ENSMUSG00000031849	-0.418195162576873	4.11084557632897	16.3113489460543	0.00305899917451742	0.0373679796421358
ENSMUSG00000076439	-0.401862550461054	4.60354373410356	16.2313749339793	0.00310433968576147	0.037668469779069
ENSMUSG00000026963	-0.359780448813345	5.65025376861355	16.2213918584121	0.00311005739219887	0.037668469779069
ENSMUSG00000055694	-0.415754366394654	4.10293782940027	16.2122954647184	0.00311527854915205	0.037668469779069
ENSMUSG00000057177	-0.425884475085714	4.02581609944482	16.1207035770498	0.00316845641839265	0.0379527723114585
ENSMUSG00000061451	-0.376459054652361	5.97753415227535	16.0800239339157	0.00319243288518008	0.0379527723114585
ENSMUSG00000001334	-0.614013850987153	2.33469519860192	15.9656419867684	0.00326105608100691	0.0379527723114585
ENSMUSG00000087416	-0.614013850987153	2.33469519860192	15.9656419867684	0.00326105608100691	0.0379527723114585
ENSMUSG00000017754	-0.365348480078961	6.35010411041055	15.9430095971131	0.00327484875311333	0.0379527723114585
ENSMUSG00000065862	-0.380541722624271	4.69054106471553	15.9325451956072	0.00328125025808109	0.0379527723114585
ENSMUSG00000080573	-0.380541722624271	4.69054106471553	15.9325451956072	0.00328125025808109	0.0379527723114585
ENSMUSG00000083300	-0.380541722624271	4.69054106471553	15.9325451956072	0.00328125025808109	0.0379527723114585
ENSMUSG00000083485	-0.380541722624271	4.69054106471553	15.9325451956072	0.00328125025808109	0.0379527723114585
ENSMUSG00000084708	-0.380541722624271	4.69054106471553	15.9325451956072	0.00328125025808109	0.0379527723114585
ENSMUSG00000089542	-0.380541722624271	4.69054106471553	15.9325451956072	0.00328125025808109	0.0379527723114585
ENSMUSG00000024399	-0.348747465134176	5.51254276273754	15.9232689420332	0.0032869378061113	0.0379527723114585
ENSMUSG00000021661	-1.39810710332897	0.821029666595359	15.9024926096128	0.003299720482229	0.0379527723114585
ENSMUSG00000038530	-0.349463998395348	4.88345770878407	15.899939864786	0.00330129528054447	0.0379527723114585
ENSMUSG00000029148	-0.332298108600922	7.25764955376346	15.8962281700055	0.00330358669034354	0.0379527723114585
ENSMUSG00000038387	-0.584730201382295	3.43888404887389	15.8874226356419	0.00330903061083924	0.0379527723114585
ENSMUSG00000039218	-0.310534152941086	6.65535163625323	15.8319422365454	0.00334358586290851	0.0379841830171072
ENSMUSG00000026500	-0.318970602162128	6.05238671775266	15.8317353027036	0.00334371557818101	0.0379841830171072
ENSMUSG00000070489	-0.318970602162128	6.05238671775266	15.8317353027036	0.00334371557818101	0.0379841830171072
ENSMUSG00000000826	-0.344487522492619	5.11130939084539	15.8014370883333	0.00336277486757356	0.0380794220718568
ENSMUSG00000084849	-0.535683566930964	3.01495014910665	15.731736909265	0.00340713037329692	0.0383949610316944
ENSMUSG00000029149	-0.332297195422004	7.12020887976264	15.7238917243534	0.00341216782928151	0.0383949610316944
ENSMUSG00000029491	-0.428774711718792	3.43740511994798	15.7054359149935	0.00342405465111951	0.0384075564168028
ENSMUSG00000043807	-0.347495528470223	5.08321317588966	15.6619749613017	0.00345224849155126	0.0386024149509823
ENSMUSG00000024392	-0.358990440161747	6.72345218653929	15.5991206417552	0.00349353048012249	0.0389419475706154
ENSMUSG00000020481	-0.451715066386908	4.81306838089268	15.4150857752322	0.00361794628191076	0.0400921608865196
ENSMUSG00000004263	-0.271624487368003	5.99837084707056	15.4132753996314	0.00361919702984562	0.0400921608865196
ENSMUSG00000037548	-0.362884913324698	6.18586635295201	15.3874617030989	0.00363708917480001	0.0401656256548348
ENSMUSG00000014601	-0.374673296686304	4.09592422763921	15.3351499674372	0.0036736829411671	0.0404431224498849
ENSMUSG00000043059	-0.332294684205974	6.7984536075689	15.3192525471584	0.00368489341076888	0.0404431224498849
ENSMUSG00000005204	-0.400768095751454	6.90715754426299	15.256443055415	0.00372959913000164	0.0408082211555701
ENSMUSG00000023473	-0.508335588967972	2.98185246093042	15.1408898087043	0.00381360401146789	0.0414130535974474
ENSMUSG00000032598	-0.508335588967972	2.98185246093042	15.1408898087043	0.00381360401146789	0.0414130535974474
ENSMUSG00000032657	-0.450775863805441	6.00525006832788	15.1326172165884	0.00381970693399501	0.0414130535974474
ENSMUSG00000030815	-0.299756727814776	9.15025482894286	15.0003468264208	0.00391893958291526	0.0423601742189659
ENSMUSG00000075467	-0.497339676179123	3.73094161417911	14.9797181568135	0.00393470053385734	0.0424020447258886
ENSMUSG00000032123	-0.413935448166597	4.21895314501035	14.9565041173818	0.00395253022979094	0.0424658895471815
ENSMUSG00000025873	-1.23696856870363	0.590295752664876	14.9099841953836	0.00398856056906444	0.0427243109605191
ENSMUSG00000028049	-0.450768426969871	5.68369626194719	14.8734980595201	0.00401710290744693	0.0429012157810275
ENSMUSG00000076228	-0.534463284553143	2.97982192570305	14.7533665143214	0.00411287386896509	0.0436625627696383
ENSMUSG00000082828	-0.534463284553143	2.97982192570305	14.7533665143214	0.00411287386896509	0.0436625627696383
ENSMUSG00000009079	-0.297754833649064	7.11014957484845	14.6663987037959	0.00418396466091216	0.0442854657135718
ENSMUSG00000084088	-0.278456944462595	5.40957931904051	14.5994258257504	0.00423974431253174	0.0443572515325499
ENSMUSG00000084149	-0.278456944462595	5.40957931904051	14.5994258257504	0.00423974431253174	0.0443572515325499
ENSMUSG00000037649	-0.362874410004894	5.60156427569896	14.5985395517567	0.00424048858216975	0.0443572515325499
ENSMUSG00000079547	-0.362874410004894	5.60156427569896	14.5985395517567	0.00424048858216975	0.0443572515325499
ENSMUSG00000018572	-0.289233365006385	6.79658025810411	14.5528317728399	0.00427909185969384	0.0445063637888315
ENSMUSG00000035530	-0.369746867748504	6.2830366992496	14.5521181283446	0.0042796980038041	0.0445063637888315
ENSMUSG00000022201	-0.663228110204857	3.30742833283293	14.4970744811608	0.00432677041381502	0.0447701584213079
ENSMUSG00000046434	-0.31562905843748	4.90902614759319	14.4931316044608	0.00433016671021902	0.0447701584213079
ENSMUSG00000079605	-0.622163457161424	2.73455890409979	14.4496089232445	0.00436787509493958	0.0448997419701714
ENSMUSG00000093118	-0.622163457161424	2.73455890409979	14.4496089232445	0.00436787509493958	0.0448997419701714
ENSMUSG00000018566	-0.289232000045773	6.62676340066251	14.3018004812981	0.0044989936489366	0.0461146849016001
ENSMUSG00000023051	-0.309326559274002	8.80235460771992	14.26185104505	0.0045352612981944	0.046194607441993
ENSMUSG00000007411	-0.295277955579526	5.46561155811621	14.2504882328667	0.00454564261624321	0.046194607441993
ENSMUSG00000021282	-0.295277955579526	5.46561155811621	14.2504882328667	0.00454564261624321	0.046194607441993
ENSMUSG00000098365	-0.309589746404888	5.30803539997459	14.1556755956859	0.00463341663471658	0.046952832772824
ENSMUSG00000087380	-1.14183780395683	2.25466103244947	14.112971630976	0.00467363180840925	0.0472261888402147
ENSMUSG00000039715	-0.52005499900577	4.1805720532825	14.0893860797899	0.00469602711880906	0.0473184427479998
ENSMUSG00000041578	-0.422734995956176	4.76435539983839	13.8752245145844	0.00490555407348817	0.0492904545919219
ENSMUSG00000097587	-0.398743528371489	4.3991709014605	13.8485455513865	0.00493245548487421	0.0493353223939762
ENSMUSG00000020484	-0.440648830137295	4.79585909086045	13.8433834917497	0.00493768155162588	0.0493353223939762
ENSMUSG00000034472	-0.844041605815965	2.2596907704001	13.8066196973111	0.00497509916929504	0.0493902077777166
ENSMUSG00000084751	-0.316454444007357	4.7366648090272	13.7837417184787	0.00499856041708878	0.0493902077777166
ENSMUSG00000087443	-0.316454444007357	4.7366648090272	13.7837417184787	0.00499856041708878	0.0493902077777166
ENSMUSG00000098716	-0.316454444007357	4.7366648090272	13.7837417184787	0.00499856041708878	0.0493902077777166
ENSMUSG00000040385	-0.350630155336415	3.9879269753401	13.7466257825811	0.00503691329579804	0.0496316843262752
ENSMUSG00000092284	-0.320519533860748	4.58896423891933	13.659882864525	0.00512797049402757	0.0503897265900726
ENSMUSG00000034175	-0.291361657823922	8.07687477363623	13.6087444475396	0.00518260320179097	0.0504691431091322
ENSMUSG00000026941	-0.744251948244699	2.73696540180688	13.5801653162787	0.00521344759061523	0.0504691431091322
ENSMUSG00000085779	-0.312684695950844	5.72428626773614	13.5486278196579	0.00524774779488968	0.0504691431091322
ENSMUSG00000085830	-0.360174511761119	4.66328116616876	13.5183844258936	0.00528090207727255	0.0504691431091322
ENSMUSG00000055045	-0.52270887923652	3.11269994039004	13.480532854823	0.00532276129045955	0.0504691431091322
ENSMUSG00000085589	-1.02389941524307	1.53605270788089	13.4738583646318	0.00533018480714043	0.0504691431091322
ENSMUSG00000097048	-1.02389941524307	1.53605270788089	13.4738583646318	0.00533018480714043	0.0504691431091322
ENSMUSG00000101655	-1.02389941524307	1.53605270788089	13.4738583646318	0.00533018480714043	0.0504691431091322
ENSMUSG00000034544	0.457428885139076	5.46706186740235	13.4535638464058	0.00535283532727512	0.0504691431091322
ENSMUSG00000026961	-0.359750254387166	4.6521675805779	13.4483859213716	0.00535863334092817	0.0504691431091322
ENSMUSG00000089953	-0.359750254387166	4.6521675805779	13.4483859213716	0.00535863334092817	0.0504691431091322
ENSMUSG00000024116	-0.495282589069895	2.77141591168367	13.443311579651	0.00536432287643746	0.0504691431091322
ENSMUSG00000055839	-0.495282589069895	2.77141591168367	13.443311579651	0.00536432287643746	0.0504691431091322
ENSMUSG00000086350	-0.318950395087467	5.05383520687122	13.4385117072215	0.00536971151934587	0.0504691431091322
ENSMUSG00000089788	-0.318950395087467	5.05383520687122	13.4385117072215	0.00536971151934587	0.0504691431091322
ENSMUSG00000104279	-0.318950395087467	5.05383520687122	13.4385117072215	0.00536971151934587	0.0504691431091322
ENSMUSG00000039873	-0.524081857060008	3.14477133185465	13.4320594612777	0.00537696573630641	0.0504691431091322
ENSMUSG00000004266	-0.320667858857164	6.98931545661004	13.4198439165267	0.00539073269542455	0.0504691431091322
ENSMUSG00000068036	-3.21805940908276	-1.92359321385443e-07	13.4044645110612	0.00540812715988486	0.0504994491604955
ENSMUSG00000039458	-0.663155390973872	2.9879269753401	13.3773681673994	0.0054389423597344	0.0505823553736508
ENSMUSG00000054499	-0.488824862767061	2.91541447555574	13.3593548130142	0.00545954774848768	0.0505823553736508
ENSMUSG00000098325	-0.488824862767061	2.91541447555574	13.3593548130142	0.00545954774848768	0.0505823553736508
ENSMUSG00000028051	-0.450731246502354	4.68556624930024	13.3137859459326	0.00551210484435841	0.0508421198316395
ENSMUSG00000092981	-0.363250595926046	3.97880558537155	13.3103507555549	0.00551609205910975	0.0508421198316395
ENSMUSG00000034201	-0.291359717346518	7.56245425258972	13.2745295495799	0.00555788214032003	0.0510952721508287
ENSMUSG00000022292	-0.499961739280098	3.36845776623048	13.2573071069573	0.00557811322164964	0.0511494340915791
ENSMUSG00000048696	-1.4649911439792	-0.436570853187807	13.2418140391055	0.00559639041447128	0.051157856152333
ENSMUSG00000024818	-0.362706874408789	7.38772996092379	13.2272279562825	0.0056136651310731	0.051157856152333
ENSMUSG00000023274	-0.457838766504575	4.52425854953152	13.2201616046521	0.00562205764275709	0.051157856152333
ENSMUSG00000038352	-0.320075757315194	4.9974929520301	13.1863187781733	0.00566246687736744	0.0513944512762586
ENSMUSG00000068917	-0.455992476800875	4.74356264691353	13.1683659094809	0.00568404839349005	0.0514593924354797
ENSMUSG00000049741	-0.341078358810587	5.11570820766521	13.0757316669285	0.00579703101173923	0.0520941456667642
ENSMUSG00000041287	-0.358908899696694	4.00400173819818	13.0749673146798	0.00579797472097151	0.0520941456667642
ENSMUSG00000088752	-0.358908899696694	4.00400173819818	13.0749673146798	0.00579797472097151	0.0520941456667642
ENSMUSG00000085433	-0.544314235567398	3.49398864831434	13.0204265926456	0.00586580512522883	0.0525711730695759
ENSMUSG00000064081	-0.391043952643232	4.37619756505616	13.0036937388134	0.00588681102217855	0.052627205303536
ENSMUSG00000100691	-0.615090829821552	2.34735049940795	12.9737884811903	0.00592458458679208	0.0528324830527184
ENSMUSG00000098839	-0.750702114955077	1.55799526076157	12.9245542568695	0.00598742583285846	0.0532597205631075
ENSMUSG00000006058	0.74257146061637	4.15380514371971	12.9018574586687	0.0060166720147372	0.0532782729352652
ENSMUSG00000088604	-0.377367995627013	4.32592983308554	12.8861520179743	0.00603701253988796	0.0532782729352652
ENSMUSG00000030805	-0.831172283913591	2.48828628895016	12.8821301105198	0.00604223504384317	0.0532782729352652
ENSMUSG00000001270	-0.467000295622448	3.98337348905327	12.8767289977291	0.00604925722982406	0.0532782729352652
ENSMUSG00000049897	-0.451712172868753	2.9879269753401	12.8574331100672	0.00607442683788608	0.053368178647142
ENSMUSG00000084632	-0.39435438926979	3.33390054419412	12.8227287201002	0.00612002106880013	0.0536366465661181
ENSMUSG00000018567	-0.289219715981925	5.62773633205213	12.7695047945113	0.00619076873679604	0.0541237060886065
ENSMUSG00000020884	-0.352218279008482	5.76184649268518	12.7529255432959	0.0062130123320391	0.054185366719764
ENSMUSG00000101845	-0.415738923663196	3.44552053150315	12.7146947524138	0.0062646815023989	0.0545027290708704
ENSMUSG00000023000	-0.378244106971252	4.45468751520411	12.6916474631975	0.00629608608613885	0.0546426741344459
ENSMUSG00000004268	-0.353838920027237	5.31670874126853	12.6745985713986	0.00631944211847335	0.0547122573703748
ENSMUSG00000013415	0.742535014406303	3.89185100378506	12.6130980067705	0.00640458710891921	0.0553151627542732
ENSMUSG00000092274	-0.364823088781288	6.38226356575552	12.5955416408802	0.00642915227787368	0.0553932033216798
ENSMUSG00000091996	-0.470170978663031	4.64577830954643	12.5817403408745	0.00644854488924824	0.0554264087227674
ENSMUSG00000038418	-0.357089942504969	4.4996685573867	12.475865231088	0.0065997374581301	0.0565895757527645
ENSMUSG00000043909	-0.262018513189774	6.3600909093105	12.4564070063318	0.00662799797077855	0.0566956085414079
ENSMUSG00000025372	-0.383020995869588	4.11455192400879	12.3958591707297	0.00671689549482553	0.0573185794977098
ENSMUSG00000085436	-0.368004257831961	4.52425854953152	12.3467400033843	0.00679009544809684	0.05768293429906
ENSMUSG00000028057	-0.317684569317963	7.6747805706103	12.3455139861	0.00679193507306005	0.05768293429906
ENSMUSG00000092383	-0.362842903712465	4.60354373410356	12.270783157692	0.00690523769736808	0.0583672579775165
ENSMUSG00000098197	-0.362842903712465	4.60354373410356	12.270783157692	0.00690523769736808	0.0583672579775165
ENSMUSG00000092339	-0.411374905179461	3.58829802092509	12.2268180865851	0.0069729846463387	0.0585828745145918
ENSMUSG00000104124	-0.411374905179461	3.58829802092509	12.2268180865851	0.0069729846463387	0.0585828745145918
ENSMUSG00000034974	-0.312672262986333	5.14023312414619	12.222284377064	0.00698001728867438	0.0585828745145918
ENSMUSG00000024190	-2.19195130777231	-0.292180943852632	12.1989205581817	0.00701639800662328	0.058749980492078
ENSMUSG00000038502	-0.415010488334741	6.02175095255079	12.0614590830936	0.00723524575455905	0.0604405658232134
ENSMUSG00000085996	-0.541959529139675	2.85687486554208	12.0459959829668	0.00726038758350062	0.0604660543112081
ENSMUSG00000024002	-0.292582470837978	6.9222373074007	12.0387537402887	0.00727219997182738	0.0604660543112081
ENSMUSG00000029162	-0.829136834626051	1.9838801422774	11.9954504631759	0.00734332612343356	0.0607741166642402
ENSMUSG00000029163	-0.829136834626051	1.9838801422774	11.9954504631759	0.00734332612343356	0.0607741166642402
ENSMUSG00000030816	-0.298652369821519	6.00487568269171	11.9673344683735	0.00738996669547866	0.0608646814155316
ENSMUSG00000027833	0.457385013166449	4.46923460130833	11.9602102862865	0.00740184271106999	0.0608646814155316
ENSMUSG00000020898	-0.373074743352394	4.06895718003894	11.9480919056503	0.0074220981908324	0.0608646814155316
ENSMUSG00000039615	-0.370058881667935	3.56342914681219	11.9478387124039	0.00742252212384532	0.0608646814155316
ENSMUSG00000041429	-0.434121967833447	3.21550584339189	11.8660974534662	0.00756096083856661	0.0617199431937337
ENSMUSG00000090936	-0.347452329169362	4.08604754819797	11.8557385642035	0.00757873146029026	0.0617199431937337
ENSMUSG00000092241	-0.347452329169362	4.08604754819797	11.8557385642035	0.00757873146029026	0.0617199431937337
ENSMUSG00000039878	-0.441649780634731	3.49256517011214	11.8382906078384	0.00760877997688883	0.0618235038213268
ENSMUSG00000072772	-0.320649295901434	5.53120796104634	11.8150116465015	0.00764909975139442	0.0620098609391452
ENSMUSG00000075829	-0.665273607007172	1.82555932507587	11.7509194580489	0.00776147891014038	0.062778220572496
ENSMUSG00000097769	-0.424593947322101	3.0356237173714	11.520817071095	0.00818210180798705	0.0660306722830086
ENSMUSG00000022962	-0.325984106760047	6.11061361314157	11.5010641873161	0.00821950579968106	0.0660777565333422
ENSMUSG00000065534	-0.342648717694612	3.74535667206603	11.4981796060495	0.00822498567446143	0.0660777565333422
ENSMUSG00000030643	-0.321521674800653	4.40182744970191	11.444344996977	0.00832808808315776	0.0661416311499207
ENSMUSG00000098041	-0.321521674800653	4.40182744970191	11.444344996977	0.00832808808315776	0.0661416311499207
ENSMUSG00000032936	-0.456342616730615	3.18498531778516	11.440272858083	0.00833595162697251	0.0661416311499207
ENSMUSG00000088955	-0.456342616730615	3.18498531778516	11.440272858083	0.00833595162697251	0.0661416311499207
ENSMUSG00000102377	-0.456342616730615	3.18498531778516	11.440272858083	0.00833595162697251	0.0661416311499207
ENSMUSG00000096330	-1.39414015838558	-0.125531074443182	11.4360104945092	0.00834419232337099	0.0661416311499207
ENSMUSG00000038539	-0.467478568708202	3.40296447461895	11.3487792663242	0.00851507175310449	0.0673464765927355
ENSMUSG00000053877	-0.287107951167629	9.69600135122027	11.2995826178598	0.00861334985416016	0.0677667081590734
ENSMUSG00000078691	-0.685484009256469	1.67053804006791	11.293697828323	0.00862519918817474	0.0677667081590734
ENSMUSG00000096792	-0.685484009256469	1.67053804006791	11.293697828323	0.00862519918817474	0.0677667081590734
ENSMUSG00000029419	-0.744006698042459	2.15919840248993	11.26467267419	0.00868393808500109	0.0679289630464888
ENSMUSG00000052403	-0.744006698042459	2.15919840248993	11.26467267419	0.00868393808500109	0.0679289630464888
ENSMUSG00000022961	-0.3139972278867	6.91541447555573	11.2540524681481	0.00870555376417789	0.0679490378048633
ENSMUSG00000024847	-0.327650726135603	5.23457776742524	11.2365656844681	0.00874129012910274	0.0680789997609377
ENSMUSG00000003309	-3.4731716752636	-2.16992519380163	11.2220924427542	0.00877100499287324	0.0681616008923286
ENSMUSG00000031842	-0.598162304218836	3.91328817444735	11.181616840901	0.00885476945607924	0.0686629622822493
ENSMUSG00000053310	-0.582268656316349	2.57288947606126	11.1482908449522	0.00892448004705586	0.0690534063510808
ENSMUSG00000071337	-1.10896060963016	2.95109020715973	11.1253265715379	0.00897291071807052	0.0692778626219861
ENSMUSG00000001441	-0.313269881754484	6.923624419009	11.1074262305384	0.00901088693730797	0.0694208071390443
ENSMUSG00000029406	-0.48902516069915	3.54980586294822	11.0944653842738	0.00903850773293987	0.0694835281969753
ENSMUSG00000004934	-0.292378011983299	6.39631916097693	11.0829621052601	0.0090631099101028	0.0695228237620144
ENSMUSG00000007783	-0.584498088986617	2.4477259256257	11.0192471628621	0.00920088481997233	0.0704282320876423
ENSMUSG00000029836	-0.206154373070055	7.78354376842721	10.9857673926426	0.00927431662579155	0.0708017923496975
ENSMUSG00000097234	-0.321394990371242	4.89050054497551	10.9750557538834	0.00929796332407125	0.0708017923496975
ENSMUSG00000064405	-0.328549537352645	4.24243294340735	10.9247309402077	0.00941006051791277	0.0708017923496975
ENSMUSG00000064995	-0.328549537352645	4.24243294340735	10.9247309402077	0.00941006051791277	0.0708017923496975
ENSMUSG00000065362	-0.328549537352645	4.24243294340735	10.9247309402077	0.00941006051791277	0.0708017923496975
ENSMUSG00000100992	-0.328549537352645	4.24243294340735	10.9247309402077	0.00941006051791277	0.0708017923496975
ENSMUSG00000064585	-0.334410677317636	4.22839096959857	10.9087818329559	0.00944593452657077	0.0708017923496975
ENSMUSG00000065840	-0.334410677317636	4.22839096959857	10.9087818329559	0.00944593452657077	0.0708017923496975
ENSMUSG00000033707	-2.67220938582397	-0.447459169330543	10.8991351712435	0.00946771453835406	0.0708017923496975
ENSMUSG00000003380	-0.346350260151036	3.6521675805779	10.8989966496243	0.00946802774062397	0.0708017923496975
ENSMUSG00000098802	-0.346350260151036	3.6521675805779	10.8989966496243	0.00946802774062397	0.0708017923496975
ENSMUSG00000064493	-0.295249881349579	4.46778647567519	10.8872389878982	0.00949465892005592	0.0708524024431788
ENSMUSG00000028048	-0.45065690411405	3.68929896817657	10.8768270198664	0.00951831935131991	0.0708806787602466
ENSMUSG00000098543	-0.364786229369143	4.79960523009335	10.7620966564042	0.00978391927813803	0.0723434533380529
ENSMUSG00000098974	-0.364786229369143	4.79960523009335	10.7620966564042	0.00978391927813803	0.0723434533380529
ENSMUSG00000098986	-0.364786229369143	4.79960523009335	10.7620966564042	0.00978391927813803	0.0723434533380529
ENSMUSG00000098291	-0.348683103813223	3.93178790638686	10.7570226562168	0.00979587551507697	0.0723434533380529
ENSMUSG00000030695	-0.326323793054405	6.61814055715616	10.7024821552105	0.0099255396533061	0.0728320985367979
ENSMUSG00000086716	-0.315761320282827	4.10759469283972	10.6970355148987	0.00993860454010006	0.0728320985367979
ENSMUSG00000098992	-0.315761320282827	4.10759469283972	10.6970355148987	0.00993860454010006	0.0728320985367979
ENSMUSG00000090069	-1.11144653617658	0.415037306919521	10.6949073449816	0.00994371516328023	0.0728320985367979
ENSMUSG00000093452	-0.423054917867117	2.89293046140436	10.6710537693764	0.0100012202027183	0.0729315205069401
ENSMUSG00000064441	-0.33255121597042	3.79297081153563	10.6689945397833	0.0100062037279907	0.0729315205069401
ENSMUSG00000029004	-0.242564444028996	6.67627035067024	10.6638663677664	0.010018627711915	0.0729315205069401
ENSMUSG00000058756	-0.318185763041444	4.07086613836032	10.6408078805573	0.0100747273337273	0.0731905344183409
ENSMUSG00000038020	-0.431078303187181	4.2634515995734	10.5509414756572	0.0102971029600685	0.0746539964604968
ENSMUSG00000060992	-0.318199611191126	3.90046413408976	10.4955787072962	0.0104371200303377	0.0752329133119875
ENSMUSG00000065560	-0.318199611191126	3.90046413408976	10.4955787072962	0.0104371200303377	0.0752329133119875
ENSMUSG00000052301	-0.326320300949323	6.29645721501192	10.4943603698182	0.010440227667349	0.0752329133119875
ENSMUSG00000042564	-0.429788125536122	4.56884264299856	10.4561518468066	0.0105382695216395	0.0757863052090484
ENSMUSG00000100162	-0.420965811281517	2.9365068840153	10.3960085185297	0.0106949108083454	0.0767305478787265
ENSMUSG00000024906	-0.375477363236971	7.30859165387482	10.3892884180263	0.0107125912093092	0.0767305478787265
ENSMUSG00000004631	-0.883656653726118	2.19814468273045	10.3791017359901	0.0107394610026166	0.0767688524976624
ENSMUSG00000071586	-0.308232970713382	5.00050065647087	10.3528558241972	0.0108090754340931	0.0771119441468205
ENSMUSG00000086154	-0.329622486677361	4.06752380183769	10.2635522014259	0.0110501580169109	0.0785177562675723
ENSMUSG00000098994	-0.329622486677361	4.06752380183769	10.2635522014259	0.0110501580169109	0.0785177562675723
ENSMUSG00000014351	0.742207162971982	2.57960907386763	10.2411713517936	0.0111116151100954	0.0787974773314321
ENSMUSG00000022763	-1.3165415483403	0.302562577661108	10.2248664248209	0.011156653990451	0.0789598904443226
ENSMUSG00000059891	-0.848461804662861	1.45651394289568	10.2128138431732	0.0111900917425146	0.0790397173179201
ENSMUSG00000024391	-0.340113251539335	3.91382004359287	10.1404658004466	0.0113934325061107	0.0801585281051221
ENSMUSG00000086076	-0.340113251539335	3.91382004359287	10.1404658004466	0.0113934325061107	0.0801585281051221
ENSMUSG00000018574	-0.310168101368209	6.16199942663096	10.1095004056551	0.0114818578745073	0.0806216280282823
ENSMUSG00000050619	-1.97994677309687	-0.684498366631394	10.0969387905674	0.011517970771846	0.0807163099080052
ENSMUSG00000053654	-0.369666816365068	3.9660405486257	10.0780672126126	0.011572488189721	0.0809254273721712
ENSMUSG00000033916	-0.828959258264024	1.06273556298864	10.0709313822919	0.0115931856986766	0.0809254273721712
ENSMUSG00000024875	-0.377807340209657	3.63162150955514	10.0153610600497	0.0117559431693825	0.0815906413814276
ENSMUSG00000017165	-0.367018235687938	3.9762615976891	10.0149681666849	0.0117571039164715	0.0815906413814276
ENSMUSG00000086163	-0.367018235687938	3.9762615976891	10.0149681666849	0.0117571039164715	0.0815906413814276
ENSMUSG00000089407	-0.32806270360167	4.17570181835214	9.99466576220715	0.0118172777255014	0.08184898960556
ENSMUSG00000052752	-0.248996306527768	8.65523236089945	9.98349291948286	0.011850555045837	0.0819204066831408
ENSMUSG00000043411	-0.816151587986662	2.10991749971871	9.94582066285068	0.011963615597801	0.0825420054881162
ENSMUSG00000030814	-0.605990007160978	2.92177464033518	9.90934945799454	0.0120743445330765	0.083145148551127
ENSMUSG00000017740	-0.597775518982461	2.61536378690239	9.89010173598048	0.0121332926095979	0.0833900862012248
ENSMUSG00000036529	-0.289029767391972	5.43814477392003	9.840861578299	0.012285722730853	0.0842753326556783
ENSMUSG00000071691	-0.447097110989936	3.6179773655898	9.82806952114316	0.0123257092072692	0.0843540864372496
ENSMUSG00000018736	-0.674373116127087	1.56884264299856	9.82207572896804	0.0123445004542316	0.0843540864372496
ENSMUSG00000030120	-0.457712007072931	3.2085864294521	9.79233878542967	0.0124382548032847	0.0846703337467872
ENSMUSG00000030124	-0.457712007072931	3.2085864294521	9.79233878542967	0.0124382548032847	0.0846703337467872
ENSMUSG00000059772	-1.19782431180862	0.616671168089172	9.75399319570831	0.0125604536896796	0.0853393110687371
ENSMUSG00000029036	-0.300976680543388	5.97918679690525	9.7304294307678	0.0126362828733871	0.0856912946946235
ENSMUSG00000101225	-0.277794850277798	5.73801698359825	9.69730578560684	0.0127438357838313	0.0862566645937881
ENSMUSG00000022613	-0.274519142423114	6.3189191526557	9.67728660421215	0.0128093873266558	0.0865361450647372
ENSMUSG00000073147	-0.241799381069425	6.38868684564474	9.60339217921001	0.0130549891206366	0.0880286317453891
ENSMUSG00000028459	-1.24597316342491	1.61667116808917	9.58877797167807	0.0131042498350758	0.088194073890029
ENSMUSG00000022095	-0.40944473692609	3.12653221356961	9.57881315483565	0.0131379705070179	0.088254502445448
ENSMUSG00000025869	-1.23162570111449	-0.549338783349758	9.56607532764666	0.013181231387825	0.0883786698503232
ENSMUSG00000037058	-0.211659082418814	8.29433974991631	9.55589776688838	0.0132159236339965	0.0884026070214366
ENSMUSG00000073436	-0.325175806763089	5.95057190464261	9.55050011987643	0.0132343684186844	0.0884026070214366
ENSMUSG00000004980	-0.206149155971757	6.56173325495018	9.53033847097431	0.0133035467942597	0.0886986007759334
ENSMUSG00000084433	-0.319915540447847	4.69054106471553	9.48638926758744	0.0134559014237179	0.0895470156313466
ENSMUSG00000056201	-0.372767551558604	3.98994614297675	9.47360132064228	0.0135006370343042	0.0896774158312161
ENSMUSG00000021492	-0.360267617790567	3.50250014816986	9.46418572700856	0.013533692898457	0.0897298932505507
ENSMUSG00000026942	-0.743761612982371	1.75132069478395	9.45064528930968	0.0135814057939546	0.08987917340823
ENSMUSG00000041740	-0.275073539828088	6.1454508334172	9.41991426249409	0.0136904681144881	0.0903980842627457
ENSMUSG00000088393	-0.462081737837022	2.38005194897019	9.41430190580718	0.013710502827627	0.0903980842627457
ENSMUSG00000039914	-0.463385407518318	2.39536732677939	9.38992822178233	0.0137979327433702	0.0908054572284337
ENSMUSG00000095098	-0.373339372043752	3.99949878487444	9.38291910165158	0.0138232024880963	0.0908054572284337
ENSMUSG00000048546	-0.911295774728521	0.668018048089393	9.35543047622389	0.0139228605716324	0.0912460563818762
ENSMUSG00000069439	-0.932244606334957	0.444784650313574	9.35033385390093	0.0139414355839985	0.0912460563818762
ENSMUSG00000022489	-0.355960307614922	3.8535519580288	9.33484962986243	0.0139980573514624	0.091281664666666
ENSMUSG00000053508	-0.355960307614922	3.8535519580288	9.33484962986243	0.0139980573514624	0.091281664666666
ENSMUSG00000024910	-0.379591716408927	4.08463105810785	9.29166281120579	0.0141574905168577	0.0920942925330817
ENSMUSG00000089669	-0.415904027678235	4.29441633895947	9.28433656731611	0.0141847593427516	0.0920942925330817
ENSMUSG00000031780	-0.613873066365442	1.68556624930024	9.2802148601457	0.0142001292103154	0.0920942925330817
ENSMUSG00000036052	-0.467977946066377	4.39955070797603	9.23686685130897	0.0143630288191693	0.0925771728304143
ENSMUSG00000024873	-0.376721943143627	3.38696399592523	9.23661079920237	0.0143639978998735	0.0925771728304143
ENSMUSG00000024901	-0.377174740567611	5.99623788884448	9.22832825601784	0.0143953885331078	0.0925771728304143
ENSMUSG00000024962	-0.313069052776809	3.89400911195246	9.22641586023087	0.0144026485246685	0.0925771728304143
ENSMUSG00000000308	-0.231475271730622	6.94134091312598	9.22454097891046	0.0144097704995384	0.0925771728304143
ENSMUSG00000085169	-0.32594442725053	4.52843221215565	9.21679855736268	0.0144392272681104	0.0925771728304143
ENSMUSG00000025578	-0.43079311250176	3.52773743966888	9.2123301545883	0.0144562616390639	0.0925771728304143
ENSMUSG00000091881	-0.317638848089297	4.67807171275332	9.18847129104715	0.0145476380634575	0.0929953852551128
ENSMUSG00000032178	-1.33021606621295	-0.609210239327156	9.16844077480815	0.0146249048771837	0.0933220674363401
ENSMUSG00000090262	-0.329507267244117	6.41897679260758	9.11351862319247	0.0148393852409551	0.0945215842044406
ENSMUSG00000034209	-0.49394014682163	2.49398864831435	9.04737483826683	0.0151028810531677	0.0960284789958095
ENSMUSG00000029146	-0.329505467582372	6.26709858619869	9.03982710172543	0.0151333156708494	0.09605077757637
ENSMUSG00000022960	-0.371273181018112	4.06465276598293	9.01844781641813	0.015219936032471	0.0964289730511971
ENSMUSG00000068604	-2.15791248374033	-1.65896327452426	9.00386765835296	0.015279361188086	0.0966338321948628
ENSMUSG00000033862	-0.755519958024236	1.2796361808116	8.97501683475849	0.0153977989370835	0.097103708571741
ENSMUSG00000079657	-0.256356321583147	6.38168694902486	8.97252010962074	0.0154081017806575	0.097103708571741
ENSMUSG00000073435	-0.325162537405896	5.27343281003469	8.94790414067827	0.0155101388999646	0.0973854620626572
ENSMUSG00000074385	-0.470011334370269	3.06847954552345	8.94200525484083	0.0155347148622517	0.0973854620626572
ENSMUSG00000091659	-0.470011334370269	3.06847954552345	8.94200525484083	0.0155347148622517	0.0973854620626572
ENSMUSG00000038347	-3.02819689183066	-2.44745916933054	8.93508515382181	0.0155636068974328	0.0973954136897245
ENSMUSG00000065259	-0.288943992741601	5.59295509911536	8.89440711103583	0.0157347928456329	0.0982942313141376
ENSMUSG00000057863	-0.454785518618295	2.41202855704718	8.82668546599512	0.0160249903309851	0.0999320638297621
ENSMUSG00000034371	-1.13674739425627	-0.263034598193116	8.81196753139502	0.0160889331911541	0.0999812276878861
ENSMUSG00000043789	-1.13674739425627	-0.263034598193116	8.81196753139502	0.0160889331911541	0.0999812276878861
ENSMUSG00000042737	-0.350521386461162	3.70290356573325	8.7991161401075	0.0161450253172716	0.100155313576883
ENSMUSG00000043964	-0.605874714805174	2.51096172691806	8.77918938540459	0.0162324788004706	0.100523006738331
ENSMUSG00000094650	-0.479089511151179	2.23946574233607	8.72118369533221	0.0164904118800749	0.101880546390478
ENSMUSG00000051695	-1.02226916384103	0.568842642998557	8.71708728337877	0.0165088185628529	0.101880546390478
ENSMUSG00000021775	-0.89706647765655	0.784271116585242	8.67651629195536	0.0166925000820331	0.102836179261852
ENSMUSG00000028451	-0.467940230587365	3.91594556153298	8.64701956039273	0.0168276349229498	0.103472489033061
ENSMUSG00000000915	-0.393314744256654	3.84130206162162	8.6413415440398	0.0168538032319058	0.103472489033061
ENSMUSG00000029712	-0.436000304589688	4.22753553225308	8.63134941282792	0.0168999765506645	0.103575849890957
ENSMUSG00000032946	-0.349072158496298	9.5414298933681	8.61540133156155	0.0169739972311937	0.103575849890957
ENSMUSG00000102839	-1.51503848328078	-1.0655885339869	8.60968800434777	0.0170006124767491	0.103575849890957
ENSMUSG00000103001	-1.51503848328078	-1.0655885339869	8.60968800434777	0.0170006124767491	0.103575849890957
ENSMUSG00000028463	-1.24513757226826	1.11547702506061	8.6064273861742	0.0170158250731989	0.103575849890957
ENSMUSG00000052446	-1.05709352223829	1.45359054768892	8.56529625434188	0.017209180490754	0.104574355724906
ENSMUSG00000057666	-0.261449623294577	7.40514127077702	8.550658224876	0.017278649288115	0.104817928589636
ENSMUSG00000029066	-0.283559803165193	5.24158579421044	8.47649530387339	0.0176359978361452	0.106804081972037
ENSMUSG00000053332	-0.307812724408172	8.40317756706373	8.44848843754555	0.0177733255881726	0.107453309106799
ENSMUSG00000018882	-0.305589631623322	4.71027053514146	8.4171309580776	0.0179286586238136	0.108209010678753
ENSMUSG00000035093	1.56519924589973	-1.09953586591024	8.39962871009921	0.0180160897953646	0.108417486219762
ENSMUSG00000029713	-0.40805976426791	4.68743381595701	8.39315009854804	0.0180485871616463	0.108417486219762
ENSMUSG00000029144	-0.338057397653006	6.29492682870008	8.38595209112022	0.0180847783293407	0.108417486219762
ENSMUSG00000029145	-0.338057397653006	6.29492682870008	8.38595209112022	0.0180847783293407	0.108417486219762
ENSMUSG00000034593	-0.383997267680964	7.17042565791319	8.35458300094625	0.0182435543804155	0.10904780970332
ENSMUSG00000026965	-0.270566209413994	5.59428293633831	8.35310788560995	0.0182510631883606	0.10904780970332
ENSMUSG00000017428	0.523605565505439	2.88101177142359	8.34340511492048	0.0183005489660673	0.109160632377863
ENSMUSG00000021701	-0.267964927005974	4.41278133297915	8.32504848061703	0.018394626688854	0.109356055665237
ENSMUSG00000046006	-0.267964927005974	4.41278133297915	8.32504848061703	0.018394626688854	0.109356055665237
ENSMUSG00000032126	-0.486489107785036	2.55663358530334	8.30863648232044	0.0184792461960215	0.109676324760747
ENSMUSG00000033159	-0.453470479596633	4.48828628895016	8.27898750507042	0.0186333417506337	0.110368905942382
ENSMUSG00000024854	-0.371477149358674	3.06177600522737	8.26250322771025	0.0187197051009647	0.110368905942382
ENSMUSG00000040247	-0.371477149358674	3.06177600522737	8.26250322771025	0.0187197051009647	0.110368905942382
ENSMUSG00000075289	-0.371477149358674	3.06177600522737	8.26250322771025	0.0187197051009647	0.110368905942382
ENSMUSG00000046658	-1.29545588352617	-0.469485475660543	8.2127498931773	0.0189833958934056	0.111554815736043
ENSMUSG00000089889	-1.29545588352617	-0.469485475660543	8.2127498931773	0.0189833958934056	0.111554815736043
ENSMUSG00000026197	-0.435646754262915	5.20032628762354	8.18884108397698	0.0191117494586264	0.112124359077171
ENSMUSG00000025738	-0.404476327032401	3.18233897945669	8.13971367942773	0.0193788825589687	0.113266414300866
ENSMUSG00000028461	-1.24467386871246	0.900464134089764	8.1390140143476	0.0193827203510745	0.113266414300866
ENSMUSG00000031565	-1.31297649404283	-0.383328831910828	8.13556069844251	0.0194016762371262	0.113266414300866
ENSMUSG00000026708	-0.30780699750126	7.08167556266507	8.10376217258839	0.0195773091450473	0.113940220942876
ENSMUSG00000049339	-0.435640478135192	5.03072824256583	8.10310134944923	0.0195809799377581	0.113940220942876
ENSMUSG00000005198	-0.362872872984974	4.45359054768892	8.09629653210695	0.0196188295689199	0.113974535948432
ENSMUSG00000058966	-0.326267928378664	4.30012353220969	8.06788232678378	0.0197778583743172	0.114711578571039
ENSMUSG00000085232	-0.440447079615848	2.80620927903002	8.04872132686283	0.0198860018832821	0.115151572593616
ENSMUSG00000082286	0.317896801639483	4.19289533173263	8.01895431714157	0.02005546378874	0.115944634253542
ENSMUSG00000078487	-0.38361159109974	3.80046834411304	7.98794905385052	0.0202338836941742	0.116459140263903
ENSMUSG00000001943	-0.444419666453958	2.87446892555682	7.98535768073619	0.0202488847455262	0.116459140263903
ENSMUSG00000001946	-0.444419666453958	2.87446892555682	7.98535768073619	0.0202488847455262	0.116459140263903
ENSMUSG00000038880	-0.325138950122636	4.53812405790058	7.98084232960093	0.0202750563789974	0.116459140263903
ENSMUSG00000030298	-0.532361603004758	2.62838458865296	7.95828072630661	0.0204064571525636	0.117025454442435
ENSMUSG00000067148	-1.57600163314954	-0.0655885339868987	7.94258249373199	0.0204985086448274	0.117307033118051
ENSMUSG00000040907	-1.40386242372217	-0.561115951126111	7.93870390410697	0.0205213312771696	0.117307033118051
ENSMUSG00000023067	-0.320220455754281	4.9270534425689	7.92053734990838	0.020628648581966	0.117731823186996
ENSMUSG00000030335	-0.273964495432596	5.30378055581778	7.91165273677619	0.020681387149971	0.117844261923237
ENSMUSG00000043467	-0.307802906984429	6.56740666315606	7.89784070816285	0.0207637071746638	0.118124630768781
ENSMUSG00000007656	-0.381153184309641	5.57826765578783	7.86265692758218	0.0209752474852937	0.119138069713444
ENSMUSG00000065649	-0.353755077596787	2.93021147748381	7.8391447079715	0.0211181050170485	0.119471410995136
ENSMUSG00000040828	-0.437668924307987	2.36612770643857	7.83647279053555	0.0211344155699273	0.119471410995136
ENSMUSG00000049760	-0.437668924307987	2.36612770643857	7.83647279053555	0.0211344155699273	0.119471410995136
ENSMUSG00000073702	-0.312149417218829	6.05672782947613	7.79660877532229	0.0213796296380395	0.120666359048872
ENSMUSG00000006732	-0.740617444790167	2.33310545183952	7.78966631256155	0.0214226948388072	0.12071840835707
ENSMUSG00000040746	-0.35117613257859	6.16233518437055	7.77111185136218	0.0215383205840367	0.121178532371071
ENSMUSG00000022085	-0.603779997640699	1.80046834411304	7.76407196471183	0.0215823936175708	0.121235272494292
ENSMUSG00000063870	-0.466239672802379	4.19683413453354	7.75790734601141	0.0216210790099238	0.121261617654714
ENSMUSG00000079467	-0.349734884769395	5.99774383370031	7.72445415590711	0.0218325181210901	0.122255246684346
ENSMUSG00000029823	-1.05799280588999	2.43592467339335	7.69591873781433	0.0220149063356618	0.123083339967564
ENSMUSG00000060600	-0.351170970090772	5.84074276910022	7.670805146511	0.0221769905536544	0.123795501259601
ENSMUSG00000010830	-0.875793298863524	0.861293536809085	7.66496341429717	0.0222149055027812	0.123813387388157
ENSMUSG00000044533	-0.209048526158025	5.66343931306296	7.65410773894931	0.0222855767038183	0.124013497819844
ENSMUSG00000088151	-0.441482858133265	2.50108504747682	7.63722953265045	0.0223960102276543	0.124240386441746
ENSMUSG00000090761	-0.441482858133265	2.50108504747682	7.63722953265045	0.0223960102276543	0.124240386441746
ENSMUSG00000035478	-1.43248647003506	-0.0995358659102361	7.62375136481558	0.0224846856439205	0.124538623745131
ENSMUSG00000015452	-0.924032454527747	1.11177305629719	7.60600069032976	0.0226021368191051	0.1246496776856
ENSMUSG00000030122	-0.400537929583728	3.8440952765133	7.60228835512346	0.0226267965240243	0.1246496776856
ENSMUSG00000007850	-0.21860913628643	8.42024077471501	7.6019351490379	0.0226291444846904	0.1246496776856
ENSMUSG00000041571	-0.435791853331518	2.60090385223086	7.59962381181439	0.022644516720008	0.1246496776856
ENSMUSG00000003134	-0.390230576178355	3.51447278983594	7.59257462633547	0.0226914795628689	0.124715728198387
ENSMUSG00000018171	-0.371346868624286	5.28046128523266	7.58300394414212	0.0227554347571805	0.124874824275174
ENSMUSG00000026036	-0.275687050053603	6.77982857805401	7.54692335790349	0.0229985614918989	0.126015159510911
ENSMUSG00000026034	-0.290097591927371	6.59461470477507	7.52707292323243	0.0231336981865972	0.126561198514712
ENSMUSG00000093358	0.741661400898694	1.59560955256134	7.44150756633781	0.0237276179870616	0.129018922804647
ENSMUSG00000098425	0.741661400898694	1.59560955256134	7.44150756633781	0.0237276179870616	0.129018922804647
ENSMUSG00000099928	0.741661400898694	1.59560955256134	7.44150756633781	0.0237276179870616	0.129018922804647
ENSMUSG00000103376	0.741661400898694	1.59560955256134	7.44150756633781	0.0237276179870616	0.129018922804647
ENSMUSG00000022426	-0.498173191071645	2.40447911522094	7.41142799562016	0.0239408942289973	0.129389651083081
ENSMUSG00000087543	-0.498173191071645	2.40447911522094	7.41142799562016	0.0239408942289973	0.129389651083081
ENSMUSG00000089796	-0.498173191071645	2.40447911522094	7.41142799562016	0.0239408942289973	0.129389651083081
ENSMUSG00000097128	-0.498173191071645	2.40447911522094	7.41142799562016	0.0239408942289973	0.129389651083081
ENSMUSG00000102725	-0.393256620779451	3.2596907704001	7.39264009851763	0.0240753168428394	0.12991929679033
ENSMUSG00000002395	-0.882936214517161	1.34103672547574	7.3626243092564	0.0242920236708674	0.130890707604205
ENSMUSG00000102496	-0.215259410408456	5.49345500856685	7.34892594371908	0.0243917277800299	0.13122970285274
ENSMUSG00000020897	-0.298344848520815	6.48148533211136	7.33190648103962	0.024516313988321	0.131701343367983
ENSMUSG00000020899	-0.298342845526665	6.28899401316596	7.26010420944915	0.0250507095866101	0.134202686828707
ENSMUSG00000018559	-0.245914283849873	5.18300101925762	7.25924547270496	0.0250571879528788	0.134202686828707
ENSMUSG00000025001	2.13551497065648	-1.20645106982675	7.2534400513016	0.0251010390950976	0.134235991682478
ENSMUSG00000034994	-0.31315788525963	3.60156427569896	7.23840107957214	0.0252150800485575	0.134643997804198
ENSMUSG00000056629	-0.313024655505907	3.31227773249432	7.22504117927516	0.0253169291430559	0.1346774890906
ENSMUSG00000022427	-0.419607783402417	3.30904661123131	7.21307903576841	0.0254085566661628	0.1346774890906
ENSMUSG00000022603	-0.306861575478446	4.9879269753401	7.20089470560883	0.0255023102302586	0.1346774890906
ENSMUSG00000065462	-0.32056181388337	3.53743393827925	7.19816098435187	0.0255234041562225	0.1346774890906
ENSMUSG00000065474	-0.32056181388337	3.53743393827925	7.19816098435187	0.0255234041562225	0.1346774890906
ENSMUSG00000087327	-0.32056181388337	3.53743393827925	7.19816098435187	0.0255234041562225	0.1346774890906
ENSMUSG00000089083	-0.32056181388337	3.53743393827925	7.19816098435187	0.0255234041562225	0.1346774890906
ENSMUSG00000099609	-0.32056181388337	3.53743393827925	7.19816098435187	0.0255234041562225	0.1346774890906
ENSMUSG00000024958	-0.225816145153475	5.08108373632831	7.18265023137727	0.0256434996472314	0.135111319411632
ENSMUSG00000020315	-0.876281169702474	0.427009948585599	7.16689073323993	0.0257662413952083	0.135557792119038
ENSMUSG00000047428	-1.57067827471491	-0.684498366631394	7.14547008419089	0.0259342479988731	0.136095597171569
ENSMUSG00000015087	-0.743271937607765	1.1805720532825	7.13929574522845	0.0259829272985249	0.136095597171569
ENSMUSG00000036504	-0.743271937607765	1.1805720532825	7.13929574522845	0.0259829272985249	0.136095597171569
ENSMUSG00000022469	-0.735906346658349	1.62708778403451	7.12293694914048	0.0261124525061136	0.136573486934468
ENSMUSG00000047126	-0.366536275280249	5.61340049101189	7.11363788544196	0.0261864382907776	0.136759920033973
ENSMUSG00000014609	-0.351145159939489	4.84241999661819	7.09852318846758	0.0263072517740931	0.137190010348231
ENSMUSG00000020661	-0.530129664306853	2.56884264299856	7.06326871988651	0.0265917495785217	0.1384711981702
ENSMUSG00000041351	-0.753360032416875	1.45359054768892	7.035646515057	0.0268173334173897	0.139442315305873
ENSMUSG00000030730	-0.446138129965807	2.85466044447664	7.03065499510411	0.0268583514915062	0.139452314075986
ENSMUSG00000030683	-0.522812097394255	4.15064974009152	7.01272480826973	0.0270063387975386	0.139852050564658
ENSMUSG00000020859	-0.92457796621418	1.56884264299856	7.01182951805961	0.0270137546507007	0.139852050564658
ENSMUSG00000060279	-0.456346483646939	4.34498607105972	6.99622969333938	0.0271433783545585	0.140319464624217
ENSMUSG00000032508	-1.12891602791321	1.20163366881033	6.97933986388255	0.0272845945521464	0.140845367246753
ENSMUSG00000037742	-0.243331079050049	6.47266808520824	6.96469343581821	0.0274077941708645	0.141276881224673
ENSMUSG00000024163	-1.13555919051644	0.642573031531929	6.94507081820787	0.027573938044441	0.141928191925716
ENSMUSG00000040963	-0.345200311707692	4.66927859429531	6.87728320027813	0.028157619919378	0.144723674715304
ENSMUSG00000025393	-0.552011521838941	3.87774405758968	6.87106018429381	0.028211969956125	0.144725897766789
ENSMUSG00000025432	-0.800584406950087	1.28950642483566	6.86773383524438	0.0282410748731048	0.144725897766789
ENSMUSG00000021546	-0.243491656377066	8.63583882758136	6.85947565034017	0.0283134940998009	0.144725897766789
ENSMUSG00000021662	-1.37851162325373	-1.51457336518908	6.85869559011752	0.0283203466894362	0.144725897766789
ENSMUSG00000015787	-0.451469250688634	1.99999980764068	6.7590952931844	0.0292125242862342	0.148434578531335
ENSMUSG00000064829	-0.451469250688634	1.99999980764068	6.7590952931844	0.0292125242862342	0.148434578531335
ENSMUSG00000065258	-0.451469250688634	1.99999980764068	6.7590952931844	0.0292125242862342	0.148434578531335
ENSMUSG00000065295	-0.451469250688634	1.99999980764068	6.7590952931844	0.0292125242862342	0.148434578531335
ENSMUSG00000024160	-0.273923484101752	6.03489045431069	6.7527414922855	0.0292706178900228	0.148518199166019
ENSMUSG00000021685	0.377238255687248	3.87556146255783	6.72610870695171	0.0295156953846388	0.149548984995748
ENSMUSG00000044072	-0.288865134284955	4.09592422763921	6.72009121647495	0.0295714223159894	0.149618813334942
ENSMUSG00000076255	-0.516357006938187	1.67807171275332	6.67222842726071	0.0300193689132791	0.151670097611426
ENSMUSG00000010110	-0.289937951492569	6.09955217895423	6.66221986792094	0.0301141045001709	0.151933537131697
ENSMUSG00000040097	-0.264287592442852	4.16546516089229	6.64580014494946	0.0302703325245202	0.152346794845924
ENSMUSG00000014606	-0.340465067586337	5.17037001662885	6.64016884460649	0.0303241447548657	0.152346794845924
ENSMUSG00000020821	-0.340465067586337	5.17037001662885	6.64016884460649	0.0303241447548657	0.152346794845924
ENSMUSG00000101678	-0.337993993677556	4.12928282458564	6.63431426120594	0.030380217034946	0.152413831453801
ENSMUSG00000014195	-0.520120354010857	1.66801804808939	6.58505764720087	0.0308571232785074	0.15451368259744
ENSMUSG00000093249	-0.422471588975866	2.45651394289568	6.58216596907929	0.0308854095015348	0.15451368259744
ENSMUSG00000048921	-0.338425677319961	4.58763149513782	6.54164676047794	0.0312851843651176	0.156294471471113
ENSMUSG00000059552	-0.427730748524726	3.50462020004423	6.52577124537525	0.0314435734484108	0.156845244121602
ENSMUSG00000039834	-0.715367959668475	1.91328817444735	6.52179765782364	0.031483373925166	0.156845244121602
ENSMUSG00000024045	-0.278513899163331	4.04585045921865	6.49434866685706	0.031760031487812	0.157736914098883
ENSMUSG00000097861	-0.278513899163331	4.04585045921865	6.49434866685706	0.031760031487812	0.157736914098883
ENSMUSG00000020163	-1.42449782852791	-1.00000019235932	6.49089832240438	0.0317950213728894	0.157736914098883
ENSMUSG00000016940	-0.939438754365241	0.166358194062798	6.47604240644291	0.031946224773872	0.158266921900557
ENSMUSG00000018293	-0.340455110548807	4.8491094755627	6.46145589532061	0.0320955589970011	0.158786212125247
ENSMUSG00000041346	-0.617291507700381	2.11547702506061	6.43471294427843	0.0323716154473757	0.159534428001366
ENSMUSG00000069835	-0.617291507700381	2.11547702506061	6.43471294427843	0.0323716154473757	0.159534428001366
ENSMUSG00000062825	-0.23106422286753	6.53397837964303	6.43046160186339	0.0324157725109895	0.159534428001366
ENSMUSG00000059434	-0.4117382333592	2.27633103608793	6.42950711207368	0.032425696748245	0.159534428001366
ENSMUSG00000034110	-1.48332223884532	-1.15200328580437	6.40527416577075	0.0326789304519189	0.160558877303023
ENSMUSG00000041609	-0.964249975050798	0.611434519723026	6.40082829769325	0.0327256569522024	0.160567287962181
ENSMUSG00000024909	-0.427947332354352	5.05600521736942	6.38668610318203	0.0328748476653517	0.161077722008667
ENSMUSG00000025135	-0.40266612288992	4.19639702044418	6.36270736316249	0.0331297501998183	0.162104004064131
ENSMUSG00000015474	-0.258491543840578	4.71027053514146	6.35696343210046	0.0331911756744211	0.162182087165288
ENSMUSG00000054426	-1.97149357231101	-1.13430128407091	6.32500782566549	0.0335355128774631	0.163519624549039
ENSMUSG00000018362	-0.329908151286936	5.26010912477186	6.32306487604574	0.0335565924221746	0.163519624549039
ENSMUSG00000055818	-0.457500898564686	2.21895314501035	6.31186558075615	0.0336784189905026	0.163873645440619
ENSMUSG00000006724	-0.740185896933848	1.6088090503162	6.30795157339537	0.0337211258069567	0.163873645440619
ENSMUSG00000044629	-2.85244281158614	-2.20645106982675	6.25625868682032	0.0342915486601087	0.166418985130079
ENSMUSG00000005237	-0.527857890957252	2.28786606645441	6.22898690736043	0.0345973390337215	0.167674875452832
ENSMUSG00000101970	-0.195683970604719	8.71241216744785	6.22280168106845	0.0346671647756412	0.167785314456869
ENSMUSG00000029387	-0.224982013894598	5.35402874569507	6.21700937973912	0.034732714216104	0.167874785377836
ENSMUSG00000098341	-0.367940136689026	2.54706570060331	6.16764428786327	0.0352976839565779	0.170374612548191
ENSMUSG00000053121	-2.69458699189565	-2.63387229356143	6.14937160600999	0.0355097143534155	0.171040684377646
ENSMUSG00000032344	-0.24331577546112	5.25171890024664	6.14749495077099	0.0355315803543134	0.171040684377646
ENSMUSG00000024949	-0.333912530726074	8.03287205710391	6.14008391218293	0.0356180950431569	0.1710981676965
ENSMUSG00000027309	-0.74014333783179	0.80276746020263	6.13825756597717	0.0356394557326885	0.1710981676965
ENSMUSG00000030330	0.891304911640047	1.19464723849422	6.1140305207676	0.0359243303221339	0.172233986907327
ENSMUSG00000021751	0.338412744863018	4.89508695663531	6.10389997516032	0.0360442930644566	0.172577172296532
ENSMUSG00000032187	-0.536616206194536	2.49114028600531	6.09734196641791	0.0361222176139507	0.172718431942309
ENSMUSG00000041890	-0.46498367717396	4.12790817460943	6.07157367456167	0.0364304494571107	0.172757324482765
ENSMUSG00000024914	-0.437076466992594	4.54500715798405	6.05951080328565	0.0365758696472134	0.172757324482765
ENSMUSG00000036737	-1.12775554719837	0.63742972825597	6.05870150096622	0.036585651856822	0.172757324482765
ENSMUSG00000061393	-1.12775554719837	0.63742972825597	6.05870150096622	0.036585651856822	0.172757324482765
ENSMUSG00000030697	-0.326198124540598	3.30499750657816	6.05799511380994	0.0365941927786206	0.172757324482765
ENSMUSG00000055323	-0.326198124540598	3.30499750657816	6.05799511380994	0.0365941927786206	0.172757324482765
ENSMUSG00000039656	-0.353992152511242	5.34222266474589	6.05653412818759	0.0366118654443836	0.172757324482765
ENSMUSG00000022416	-0.287436975087794	4.39155369769937	6.05545397320194	0.0366249382819376	0.172757324482765
ENSMUSG00000010825	-1.28620039041284	-1.34210616918432	6.05408676501145	0.03664149360796	0.172757324482765
ENSMUSG00000093910	-1.28620039041284	-1.34210616918432	6.05408676501145	0.03664149360796	0.172757324482765
ENSMUSG00000078765	-0.540433594139651	4.10153783410274	6.0523031865715	0.0366631047472535	0.172757324482765
ENSMUSG00000083742	0.539801003971399	1.61667116808917	6.03440532011785	0.0368808519192576	0.173325426608685
ENSMUSG00000099186	0.539801003971399	1.61667116808917	6.03440532011785	0.0368808519192576	0.173325426608685
ENSMUSG00000022884	-0.17474611209705	8.6951120755696	6.02489141778899	0.0369972563014472	0.173593622263441
ENSMUSG00000026205	-0.435471091533265	3.03952817182731	6.02179400030165	0.0370352527452983	0.173593622263441
ENSMUSG00000061232	-0.353988065702907	5.19048298102238	5.99778188920778	0.0373314718230768	0.173822695265817
ENSMUSG00000022557	-1.31922894528641	-1.63387229356143	5.99679659905372	0.0373436896695911	0.173822695265817
ENSMUSG00000022560	-1.31922894528641	-1.63387229356143	5.99679659905372	0.0373436896695911	0.173822695265817
ENSMUSG00000025130	-0.402635116968013	3.7831071834516	5.99037746791477	0.0374234108760978	0.173822695265817
ENSMUSG00000044034	-0.402635116968013	3.7831071834516	5.99037746791477	0.0374234108760978	0.173822695265817
ENSMUSG00000022602	-0.306820904581211	3.99095466803767	5.99023041292505	0.0374252396871734	0.173822695265817
ENSMUSG00000044276	-0.306820904581211	3.99095466803767	5.99023041292505	0.0374252396871734	0.173822695265817
ENSMUSG00000028066	-0.837030599970679	0.621888877360191	5.95645304087026	0.0378482769118337	0.175558912541626
ENSMUSG00000034254	-0.922807483292263	0.438884048873889	5.94855824449082	0.0379480133468317	0.17575795835138
ENSMUSG00000093593	-0.433028174169558	1.95109020715973	5.94526336001238	0.0379897353206936	0.17575795835138
ENSMUSG00000025375	-0.317368983871929	3.78717684776065	5.93324197222341	0.038142444699407	0.17592235201021
ENSMUSG00000065600	-0.317368983871929	3.78717684776065	5.93324197222341	0.038142444699407	0.17592235201021
ENSMUSG00000024330	-0.353982957325853	5.0208871741145	5.93082605395153	0.0381732269290447	0.17592235201021
ENSMUSG00000040249	-0.594465041453818	3.04244959376563	5.92099634633336	0.0382987918256751	0.176273277989914
ENSMUSG00000029389	-0.331952486162811	4.56580005127494	5.90971864151872	0.0384434897284704	0.176711247244142
ENSMUSG00000021557	-1.5992467267274	-2.00000019235932	5.88448085487044	0.0387697842002387	0.17763815737255
ENSMUSG00000100175	0.820117873979513	0.341036725475745	5.88160748113571	0.0388071525413689	0.17763815737255
ENSMUSG00000021715	0.993891190417354	-0.321928287246685	5.87875140368949	0.03884434055245	0.17763815737255
ENSMUSG00000021716	0.993891190417354	-0.321928287246685	5.87875140368949	0.03884434055245	0.17763815737255
ENSMUSG00000022431	-2.21944513728611	-2.32192828724669	5.86047207010374	0.039083407014821	0.177836322351323
ENSMUSG00000078289	-2.21944513728611	-2.32192828724669	5.86047207010374	0.039083407014821	0.177836322351323
ENSMUSG00000024891	-0.368249988457063	3.24370273522254	5.85807268752826	0.0391149237172561	0.177836322351323
ENSMUSG00000045903	-0.368249988457063	3.24370273522254	5.85807268752826	0.0391149237172561	0.177836322351323
ENSMUSG00000047635	-1.12294706016097	-1.24392577524541	5.85639698494506	0.03913695347513	0.177836322351323
ENSMUSG00000032648	-0.334042877582406	6.1343120312155	5.83187831262164	0.0394610704703194	0.179080964844312
ENSMUSG00000098638	-0.386312289980901	2.79701278547682	5.82206570763559	0.039591724718464	0.179445593482543
ENSMUSG00000028538	-0.473530781324461	2.34577464448241	5.80162379777553	0.0398656485520721	0.180286898955492
ENSMUSG00000054136	-0.274447033261466	3.73996788996841	5.80067418391384	0.0398784309716521	0.180286898955492
ENSMUSG00000021474	-0.277482398775025	3.81021438383752	5.74362609730627	0.0406558255243206	0.183336699930786
ENSMUSG00000021478	-0.277482398775025	3.81021438383752	5.74362609730627	0.0406558255243206	0.183336699930786
ENSMUSG00000034586	-0.938449743817965	-0.134301284070913	5.73400345196151	0.0407888149337857	0.183704170288906
ENSMUSG00000038485	-0.290461586442741	3.62708778403451	5.70263961717298	0.0412260709021272	0.185205787037642
ENSMUSG00000081958	-0.290461586442741	3.62708778403451	5.70263961717298	0.0412260709021272	0.185205787037642
ENSMUSG00000060538	-0.474411426203995	4.71027053514146	5.67661770527172	0.0415933104932401	0.186620551609292
ENSMUSG00000103627	-0.346091524185526	2.54432032386449	5.64402866901481	0.0420590207964484	0.188028240977029
ENSMUSG00000096017	-0.203842024964667	5.02655398798237	5.63731641313488	0.042155750447438	0.188028240977029
ENSMUSG00000096865	-0.203842024964667	5.02655398798237	5.63731641313488	0.042155750447438	0.188028240977029
ENSMUSG00000025207	-1.07449912261359	0.552540830669457	5.63628646522778	0.0421706175446099	0.188028240977029
ENSMUSG00000035342	-1.07449912261359	0.552540830669457	5.63628646522778	0.0421706175446099	0.188028240977029
ENSMUSG00000019320	-0.187962140561651	5.75132069478395	5.62766477254206	0.0422953276539625	0.188138901643703
ENSMUSG00000082922	-1.18654722238973	-1.20645106982675	5.62656157205236	0.0423113183877846	0.188138901643703
ENSMUSG00000098827	-0.66923481804005	0.900464134089764	5.62364230907735	0.0423536691953724	0.188138901643703
ENSMUSG00000024842	-0.327504256217033	2.92283194711822	5.60779197056484	0.0425845439264273	0.188467472444989
ENSMUSG00000097233	-0.327504256217033	2.92283194711822	5.60779197056484	0.0425845439264273	0.188467472444989
ENSMUSG00000079173	-0.476533115082923	1.99999980764068	5.60768235848865	0.0425861460024281	0.188467472444989
ENSMUSG00000029711	-0.459389513979678	2.37851143089441	5.58705801303595	0.0428889357506024	0.189270021973383
ENSMUSG00000000827	-0.34427767007801	2.54019243824181	5.57389421289346	0.0430836051862585	0.189270021973383
ENSMUSG00000088378	-0.34427767007801	2.54019243824181	5.57389421289346	0.0430836051862585	0.189270021973383
ENSMUSG00000026202	-0.331184600992497	6.0312185382514	5.57320061421101	0.0430938929276585	0.189270021973383
ENSMUSG00000073838	-0.446006477436609	2.27633103608793	5.57123993950903	0.0431229910972222	0.189270021973383
ENSMUSG00000008668	2.54083994748885	-1.13430128407091	5.57034799845627	0.0431362364395886	0.189270021973383
ENSMUSG00000030699	-1.91938153979172	-1.16992519380163	5.57016732508483	0.043138920062899	0.189270021973383
ENSMUSG00000045302	-0.234376689861838	4.94667868907259	5.56108745704265	0.0432740570043726	0.189481771425076
ENSMUSG00000084592	-0.662066546357357	1.02384654959504	5.55623160127727	0.0433465448508165	0.189481771425076
ENSMUSG00000089250	-0.662066546357357	1.02384654959504	5.55623160127727	0.0433465448508165	0.189481771425076
ENSMUSG00000024309	2.51245000093679	-1.73696578652553	5.54532820371056	0.0435098645459712	0.189962896983451
ENSMUSG00000028047	-0.244417513132789	6.54963475519247	5.53412854880875	0.0436784245843104	0.18996767980221
ENSMUSG00000088170	-0.242918825459045	4.96424439627521	5.52336889897405	0.0438411329724295	0.18996767980221
ENSMUSG00000054514	-0.357987720152487	4.65916325020325	5.51229251497222	0.0440094244851172	0.18996767980221
ENSMUSG00000017802	-0.445370384437221	3.3275275021756	5.49900901608012	0.0442123183773756	0.18996767980221
ENSMUSG00000026709	-0.307721119559342	3.76612376987498	5.48572915333584	0.0444163288351676	0.18996767980221
ENSMUSG00000064440	-0.307721119559342	3.76612376987498	5.48572915333584	0.0444163288351676	0.18996767980221
ENSMUSG00000064816	-0.307721119559342	3.76612376987498	5.48572915333584	0.0444163288351676	0.18996767980221
ENSMUSG00000064968	-0.307721119559342	3.76612376987498	5.48572915333584	0.0444163288351676	0.18996767980221
ENSMUSG00000065160	-0.307721119559342	3.76612376987498	5.48572915333584	0.0444163288351676	0.18996767980221
ENSMUSG00000065228	-0.307721119559342	3.76612376987498	5.48572915333584	0.0444163288351676	0.18996767980221
ENSMUSG00000065735	-0.307721119559342	3.76612376987498	5.48572915333584	0.0444163288351676	0.18996767980221
ENSMUSG00000077220	-0.307721119559342	3.76612376987498	5.48572915333584	0.0444163288351676	0.18996767980221
ENSMUSG00000080463	-0.307721119559342	3.76612376987498	5.48572915333584	0.0444163288351676	0.18996767980221
ENSMUSG00000084667	-0.307721119559342	3.76612376987498	5.48572915333584	0.0444163288351676	0.18996767980221
ENSMUSG00000102864	-0.307721119559342	3.76612376987498	5.48572915333584	0.0444163288351676	0.18996767980221
ENSMUSG00000103680	-0.307721119559342	3.76612376987498	5.48572915333584	0.0444163288351676	0.18996767980221
ENSMUSG00000104016	-0.307721119559342	3.76612376987498	5.48572915333584	0.0444163288351676	0.18996767980221
ENSMUSG00000029068	-0.250954427958836	5.45706142062316	5.47939607267471	0.0445140352085198	0.19015756118418
ENSMUSG00000094923	-0.200186077821545	5.16323015650898	5.46956827656563	0.0446661913793159	0.190351618458805
ENSMUSG00000096070	-0.200186077821545	5.16323015650898	5.46956827656563	0.0446661913793159	0.190351618458805
ENSMUSG00000046897	-1.0672502414092	0.693022054219287	5.46238989595023	0.0447777404816089	0.190556303691119
ENSMUSG00000020776	-0.366439298615548	5.4550529857674	5.45960792400941	0.0448210649836975	0.190556303691119
ENSMUSG00000026811	0.996544441363782	0.450661216650242	5.45512572965827	0.0448909780632919	0.190626331847336
ENSMUSG00000064115	-2.03010203178942	-1.491853288689	5.43204242345247	0.0452532014538356	0.191340592876758
ENSMUSG00000019763	-1.40880554556733	0.222392228977125	5.43041579294502	0.0452788643936722	0.191340592876758
ENSMUSG00000093157	-0.27390626927453	3.72367971105666	5.4295992747173	0.0452917532683638	0.191340592876758
ENSMUSG00000064702	-0.324620306895748	3.16009532203445	5.42690265270867	0.0453343525567352	0.191340592876758
ENSMUSG00000085486	-0.324620306895748	3.16009532203445	5.42690265270867	0.0453343525567352	0.191340592876758
ENSMUSG00000029715	-0.435753476318941	2.43295921491678	5.42395138333904	0.0453810321204758	0.191340592876758
ENSMUSG00000040054	-0.611314931681192	1.81648574145041	5.41317567085819	0.0455519812472113	0.191834612879342
ENSMUSG00000029070	-0.237675629572008	5.96629695936856	5.40551338886665	0.0456740289536641	0.19212177037467
ENSMUSG00000025380	-0.231043342566822	4.95109020715973	5.39289778262918	0.0458758690090294	0.192265700459635
ENSMUSG00000041720	-0.816387705535061	1.29930959986602	5.38550106134392	0.0459947307083123	0.192265700459635
ENSMUSG00000045252	-1.38745166760695	-1.68449836663139	5.3848273741209	0.0460055756958515	0.192265700459635
ENSMUSG00000061111	-0.402573119539841	3.20163366881033	5.38448196047407	0.04601113739222	0.192265700459635
ENSMUSG00000042535	-0.429481236042166	2.26303421347447	5.38320824056592	0.046031653544303	0.192265700459635
ENSMUSG00000064409	-0.429481236042166	2.26303421347447	5.38320824056592	0.046031653544303	0.192265700459635
ENSMUSG00000050144	-0.836406816504877	0.315501633368606	5.37976608278388	0.0460871546876063	0.1922723751704
ENSMUSG00000078671	-0.188410509127201	7.44823085397682	5.37100841518666	0.046228741323911	0.192536414431066
ENSMUSG00000025340	-1.47393118833241	-1.63387229356143	5.3691782688825	0.0462583984209206	0.192536414431066
ENSMUSG00000040481	-0.320716135450827	4.250456147395	5.35249958090634	0.0465297744867052	0.193440216310114
ENSMUSG00000065990	-0.237672975088802	5.74416090321109	5.32577748000505	0.0469687380500279	0.195037821448719
ENSMUSG00000032182	-0.536479075639936	2.08179389880432	5.32086773199491	0.0470499540378205	0.195051066198593
ENSMUSG00000098496	-0.19855227681791	5.92190684606639	5.31897610819509	0.0470812918410396	0.195051066198593
ENSMUSG00000018677	-0.997430640387868	0.861293536809085	5.30802369220813	0.0472632515305133	0.195577747342623
ENSMUSG00000079477	-1.82235708539685	-1.15200328580437	5.27707999368523	0.0477821252802676	0.197495759993876
ENSMUSG00000026622	-1.19782431180862	0.616671168089172	5.22886573671301	0.0486049163317599	0.200664046939106
ENSMUSG00000030729	-0.70374417465079	1.05889349669425	5.19004826239647	0.0492802960498502	0.203217128335047
ENSMUSG00000061759	-1.4070358423781	-0.116813857342073	5.17608597774146	0.0495261001418892	0.203994918251869
ENSMUSG00000030707	-1.94234395721087	1.10060374857908	5.15804849918952	0.0498459294139471	0.205075467381256
ENSMUSG00000063065	-1.93615928477644	0.0159413515096998	5.15400268128089	0.0499180228724597	0.205135469569198
