genes	logFC	logCPM	F	PValue	FDR	PeakRegion	Htt.LogFC	Htt.PValue	Htt.FDR
WT_PeakRegion_24_chr1_9535818_9536843	1.48315559125273	1.32734271588999	22.4202777594845	3.96460281684846e-06	0.0156284643040166	WT_PeakRegion_24_chr1_9535818_9536843	-0.975005856038365	0.00134745728799101	0.00929747688338622
WT_PeakRegion_4991_chr13_113221001_113222526	1.78118160078238	-0.247161223149762	17.177499079548	4.889953723114e-05	0.096380987882577	WT_PeakRegion_4991_chr13_113221001_113222526	-0.255818233287516	0.444549099525432	0.525394288634966
WT_PeakRegion_406_chr1_169270403_169270633	-1.13803925455065	2.57898598279251	13.1631365976799	0.000356388687155772	0.468294734922684	WT_PeakRegion_406_chr1_169270403_169270633	-1.12971828501056	5.76054644671347e-05	0.00183011809566755
WT_PeakRegion_2460_chr6_43693506_43694293	-1.61134107131337	-0.516804312967247	12.5859995210899	0.000476718124053479	0.469805711254704	WT_PeakRegion_2460_chr6_43693506_43694293	-0.419603719375162	0.299184572680034	0.382468349807636
WT_PeakRegion_1004_chr3_61963028_61963321	-1.06377662893194	2.64425628802024	11.2344130672244	0.000947923956502185	0.544978091147875	WT_PeakRegion_1004_chr3_61963028_61963321	-1.27397353895985	3.06591387584184e-05	0.00134429510066476
WT_PeakRegion_4627_chr12_105020386_105020986	-1.41958589534473	-0.298690858928695	11.034968392472	0.00104992268094393	0.544978091147875	WT_PeakRegion_4627_chr12_105020386_105020986	-1.2653943536941	0.00209114683886538	0.0118811108159437
WT_PeakRegion_859_chr3_9994986_9995971	-1.5670277432356	-0.685319057456387	10.9232580522507	0.00111187670295532	0.544978091147875	WT_PeakRegion_859_chr3_9994986_9995971	-1.45876399218501	0.000100157393109437	0.00242188369104674
Shared_PeakRegion_609_chr5_96448852_96450285	-1.34746709278856	-0.140736351208525	10.8081386915084	0.00117963050749103	0.544978091147875	Shared_PeakRegion_609_chr5_96448852_96450285	-1.20945080678995	4.41412988688185e-05	0.00165371204623037
Shared_PeakRegion_1811_chrX_148177381_148178506	-1.07282699611911	0.723326463899364	10.1670633060864	0.00164203792755539	0.544978091147875	Shared_PeakRegion_1811_chrX_148177381_148178506	-1.12853755220993	0.000653194742676753	0.00617932752539414
WT_PeakRegion_3612_chr9_12740078_12740985	-1.41784573959305	-0.515125343827886	9.95907764699577	0.00182895141211292	0.544978091147875	WT_PeakRegion_3612_chr9_12740078_12740985	-1.61941234194869	0.000120019454265107	0.00265879575098404
WT_PeakRegion_4079_chr10_104675285_104675604	-0.990695675362501	2.97329314592447	9.94470325198633	0.00184264650507787	0.544978091147875	WT_PeakRegion_4079_chr10_104675285_104675604	-1.14996069517661	5.30876518304436e-05	0.00175305380278843
Shared_PeakRegion_1253_chr15_83868940_83871102	-1.34905779968659	-0.339133074019706	9.8188758054581	0.00196709470332585	0.544978091147875	Shared_PeakRegion_1253_chr15_83868940_83871102	-1.05638365713591	0.000249911656315332	0.0038892731550576
Shared_PeakRegion_468_chr4_147119301_147120946	-1.43723299536398	-0.633945054736273	9.73934667918149	0.00205015278519477	0.544978091147875	Shared_PeakRegion_468_chr4_147119301_147120946	-0.261310758865154	0.233258530307762	0.313314209960865
WT_PeakRegion_1863_chr5_40466340_40467810	-1.31498776918401	-0.25806218464976	9.65972143286704	0.00213690718453409	0.544978091147875	WT_PeakRegion_1863_chr5_40466340_40467810	-0.906077271672581	0.0033184010562781	0.0155356028380908
WT_PeakRegion_5033_chr14_14526266_14527164	-1.36020998382128	-0.495820649661329	9.47037562617452	0.00235860917434601	0.544978091147875	WT_PeakRegion_5033_chr14_14526266_14527164	-0.827084091266803	0.0159105182544373	0.0436115332564609
Q111_PeakRegion_453_chr4_146499382_146499972	-1.05194318022193	0.55132722809276	9.35279816428787	0.00250799271709751	0.544978091147875	Q111_PeakRegion_453_chr4_146499382_146499972	-0.102015810417113	0.755844136033766	0.804411822486535
Shared_PeakRegion_22_chr1_44537585_44538693	-1.28151333219964	-0.274197020068809	9.18224611156219	0.00274208757263273	0.544978091147875	Shared_PeakRegion_22_chr1_44537585_44538693	-1.05807088216464	0.00477360764232638	0.019544735850084
WT_PeakRegion_492_chr2_9134270_9134920	-1.55003722060635	-0.855710688374038	9.11101297914164	0.00284637561892396	0.544978091147875	WT_PeakRegion_492_chr2_9134270_9134920	-0.582594729154533	0.174745114246963	0.249071493000893
WT_PeakRegion_1511_chr4_120926939_120928482	-1.15331753351498	0.0908314800857627	9.08309382029764	0.00288835042646338	0.544978091147875	WT_PeakRegion_1511_chr4_120926939_120928482	-1.07790001975617	0.000491430520605015	0.00530976105443066
WT_PeakRegion_5233_chr14_72190147_72191906	-1.08060974431918	0.256654284206573	8.80471807975596	0.00334322100103373	0.544978091147875	WT_PeakRegion_5233_chr14_72190147_72191906	-1.0569606110864	0.00155038213792964	0.0101199814482184
WT_PeakRegion_2632_chr6_117642087_117643766	-1.09926849825206	0.20518959087684	8.7988760941249	0.00335351667285574	0.544978091147875	WT_PeakRegion_2632_chr6_117642087_117643766	-1.44540706684132	8.67997348425519e-06	0.000710901954110544
WT_PeakRegion_2395_chr6_13521685_13522523	-1.48197311038586	-0.824380530699781	8.79271072425759	0.00336441751267267	0.544978091147875	WT_PeakRegion_2395_chr6_13521685_13522523	-1.20434527152064	0.00185648470951503	0.0111483361673379
Shared_PeakRegion_1052_chr12_35621732_35622992	-1.53472081786078	-0.87686862610718	8.74752269372853	0.00344543008102194	0.544978091147875	Shared_PeakRegion_1052_chr12_35621732_35622992	-0.64261973964603	0.0301198565315987	0.0681534312568316
Shared_PeakRegion_1537_chrX_114200857_114203309	-0.997100846046064	0.801740525228069	8.59191192006203	0.00374003620289006	0.544978091147875	Shared_PeakRegion_1537_chrX_114200857_114203309	-1.40828823634193	1.703741751223e-07	6.69127558462996e-05
Shared_PeakRegion_139_chr2_102448971_102449809	-1.2057472103056	-0.222813845917864	8.36904282071507	0.00420765387455245	0.544978091147875	Shared_PeakRegion_139_chr2_102448971_102449809	-0.465111964225832	0.173950923647951	0.248363654936886
Shared_PeakRegion_262_chr3_159430041_159431479	-1.15585087609192	-0.0968996680547478	8.22302472452567	0.00454618600831574	0.544978091147875	Shared_PeakRegion_262_chr3_159430041_159431479	-0.620157962991951	0.052160296843701	0.100360134149197
Shared_PeakRegion_1305_chr16_86951106_86952128	-1.00215069270444	0.480376571357606	8.20828984220138	0.0045818660938018	0.544978091147875	Shared_PeakRegion_1305_chr16_86951106_86952128	-0.656869215387169	0.0593705687414761	0.110178298885784
WT_PeakRegion_6486_chrX_61885242_61886409	-1.13308780861919	-0.103704967525	8.05416445379878	0.00497277376700947	0.544978091147875	WT_PeakRegion_6486_chrX_61885242_61886409	-1.35188473943222	0.00016895937799701	0.00315135143132913
Shared_PeakRegion_682_chr6_83165890_83168155	-0.971923198776441	0.50312445093505	7.96024981198163	0.00522761430141797	0.544978091147875	Shared_PeakRegion_682_chr6_83165890_83168155	-1.0459766643669	0.000293443012130888	0.00416350891461873
WT_PeakRegion_5798_chr17_13525031_13525935	-0.90120010389377	0.991143119172224	7.95957422541129	0.00522949536258285	0.544978091147875	WT_PeakRegion_5798_chr17_13525031_13525935	-0.630501814400044	0.0173108158950442	0.0460532204337693
Shared_PeakRegion_1408_chr18_43161947_43163539	-0.964658950955925	0.628116518998805	7.87524211531019	0.0054698546216092	0.544978091147875	Shared_PeakRegion_1408_chr18_43161947_43163539	-0.70572647502295	0.0186648548427028	0.0486871195069958
Shared_PeakRegion_832_chr7_137977699_137978146	-0.868984280554502	3.23437529772581	7.84667151098706	0.0055538367085314	0.544978091147875	Shared_PeakRegion_832_chr7_137977699_137978146	-0.90177899689188	8.81183528482965e-06	0.000710901954110544
Shared_PeakRegion_1406_chr18_29354340_29355793	-1.14505042749711	-0.23054187581989	7.76460560593986	0.00580251745024794	0.544978091147875	Shared_PeakRegion_1406_chr18_29354340_29355793	-1.05187384028338	0.000981333602203894	0.00770126493203421
WT_PeakRegion_809_chr2_174663715_174664176	-1.0176152122457	0.200262244583854	7.68068479836567	0.00606868113261648	0.544978091147875	WT_PeakRegion_809_chr2_174663715_174664176	-0.619627813306549	0.11636364386586	0.181788087630181
WT_PeakRegion_845_chr3_5435527_5436392	-1.19803599996122	-0.339540715206639	7.59336573570433	0.00635898257175706	0.544978091147875	WT_PeakRegion_845_chr3_5435527_5436392	-1.56499375968848	0.000219665419737666	0.0036212238539281
Shared_PeakRegion_845_chr8_15519793_15520102	-0.889083236945881	5.29018515298237	7.54036339128634	0.00654212845343442	0.544978091147875	Shared_PeakRegion_845_chr8_15519793_15520102	-0.634800730511336	0.00190439471569867	0.0113054713262853
WT_PeakRegion_3265_chr8_4520398_4520844	-1.94831337829335	-1.24573345625975	7.50925210104707	0.00665215179915682	0.544978091147875	WT_PeakRegion_3265_chr8_4520398_4520844	-1.66035161037686	0.000168731246378079	0.00315135143132913
WT_PeakRegion_4505_chr12_50293706_50294563	-1.51568914128693	-0.97248252784242	7.44695372825856	0.00687823007760614	0.544978091147875	WT_PeakRegion_4505_chr12_50293706_50294563	-1.43206327845734	0.000535173598512269	0.00559918754007837
Shared_PeakRegion_1065_chr12_60135872_60140055	1.07941326789361	-0.118741666944451	7.43959117898921	0.00690546629275268	0.544978091147875	Shared_PeakRegion_1065_chr12_60135872_60140055	-0.230720264504447	0.242425785868901	0.32348949100602
WT_PeakRegion_4471_chr12_33220126_33221303	-1.17281042763171	-0.445037921982494	7.42533333508974	0.00695852645645252	0.544978091147875	WT_PeakRegion_4471_chr12_33220126_33221303	-1.05243972172448	0.00179006683918947	0.0108710553389167
Shared_PeakRegion_23_chr1_45261921_45262867	-1.20055343425379	-0.538783452677887	7.36149131764977	0.00720131238950176	0.544978091147875	Shared_PeakRegion_23_chr1_45261921_45262867	-0.558433170778928	0.107496254759934	0.171062251818743
Q111_PeakRegion_1208_chr12_56733905_56734860	-1.35317915360605	-0.829596366947788	7.35484559636508	0.00722708201012283	0.544978091147875	Q111_PeakRegion_1208_chr12_56733905_56734860	-0.385600069658911	0.307498670140302	0.390968409020884
WT_PeakRegion_6537_chrX_97303417_97304269	-1.36098792522924	-0.825091405322717	7.28501519114882	0.0075036724678643	0.544978091147875	WT_PeakRegion_6537_chrX_97303417_97304269	-0.419557820371572	0.272065795890189	0.3539233368425
WT_PeakRegion_2484_chr6_56196370_56198692	-0.964291082211928	0.373922630998156	7.23103779121358	0.00772493148179076	0.544978091147875	WT_PeakRegion_2484_chr6_56196370_56198692	-1.10257279248072	9.41885008059113e-05	0.00235293117734294
WT_PeakRegion_4866_chr13_65097208_65098447	-1.10326904424905	-0.250445353875093	7.13677678997901	0.00812758423393297	0.544978091147875	WT_PeakRegion_4866_chr13_65097208_65098447	-0.958362520721228	0.00884340679202197	0.0293493340362111
WT_PeakRegion_2572_chr6_89483109_89484242	-1.19804988715006	-0.599560726220567	7.07628917992878	0.00839731154714385	0.544978091147875	WT_PeakRegion_2572_chr6_89483109_89484242	-0.897083035721152	0.015531571172033	0.042840541001011
Q111_PeakRegion_1750_chrX_119068918_119069784	-1.24224585404782	-0.691785189786587	7.01873409391715	0.00866253884631975	0.544978091147875	Q111_PeakRegion_1750_chrX_119068918_119069784	0.12391518938595	0.748625440241554	0.798176271519776
WT_PeakRegion_775_chr2_160300804_160301199	-1.03313714805889	-0.0925510304289344	6.95903077484611	0.00894681208769716	0.544978091147875	WT_PeakRegion_775_chr2_160300804_160301199	-0.985884285140407	0.0310040348002278	0.0694906200704647
Shared_PeakRegion_629_chr6_3087688_3091787	-0.90073300978245	0.561079674712539	6.94908474087403	0.00899509698359843	0.544978091147875	Shared_PeakRegion_629_chr6_3087688_3091787	-0.540716623408034	0.00673942562853115	0.0244330820480124
Shared_PeakRegion_400_chr4_146034218_146036275	-0.868902170023627	0.794505190372425	6.94059929408647	0.00903650377892999	0.544978091147875	Shared_PeakRegion_400_chr4_146034218_146036275	-0.354784250444948	0.109562953895935	0.17368012808556
Shared_PeakRegion_1466_chrX_14147522_14149639	-0.955854600810463	0.233253497900871	6.92036783429749	0.00913602377167114	0.544978091147875	Shared_PeakRegion_1466_chrX_14147522_14149639	-1.0754842049145	0.000275565220034289	0.00406689620126025
Shared_PeakRegion_16_chr1_28344427_28345784	-1.07519233806154	-0.215578577576589	6.89907902813983	0.00924196727726334	0.544978091147875	Shared_PeakRegion_16_chr1_28344427_28345784	-0.303100493350596	0.331629247512251	0.41594376955038
WT_PeakRegion_2598_chr6_103669542_103670412	-0.962709462588684	0.199354163391237	6.87525471102167	0.00936203398596785	0.544978091147875	WT_PeakRegion_2598_chr6_103669542_103670412	-1.38387798365535	0.000381090116141654	0.00463472678685108
WT_PeakRegion_5056_chr14_22283871_22284527	-1.06955382328156	-0.23255073813247	6.87416103881558	0.00936758424396537	0.544978091147875	WT_PeakRegion_5056_chr14_22283871_22284527	-0.649145417680341	0.073560586443123	0.129336891338516
WT_PeakRegion_4548_chr12_71589287_71589702	-1.26963028433738	-0.808466906671304	6.84276084392261	0.00952839422365944	0.544978091147875	WT_PeakRegion_4548_chr12_71589287_71589702	-0.686507657895169	0.101383387055798	0.163960552650538
Shared_PeakRegion_1114_chr13_14900928_14902003	-1.09199988665646	-0.308825002395592	6.8109587713119	0.00969417003513436	0.544978091147875	Shared_PeakRegion_1114_chr13_14900928_14902003	-0.764870241750423	0.0188178272767587	0.048953220293823
WT_PeakRegion_4612_chr12_99058275_99059331	-1.08924935011751	-0.26444936386632	6.79793060497912	0.00976293994791206	0.544978091147875	WT_PeakRegion_4612_chr12_99058275_99059331	-1.07091681332443	0.00526134108286358	0.0207645524697301
WT_PeakRegion_6406_chrX_21707191_21708078	-1.26149155368665	-0.812625460766088	6.78351192335161	0.0098396375462419	0.544978091147875	WT_PeakRegion_6406_chrX_21707191_21708078	-1.31010730939082	0.00040953292347078	0.00480352253622221
WT_PeakRegion_4796_chr13_38050290_38050836	-1.14042348748872	-0.525177956822465	6.7524027888884	0.0100072447215739	0.544978091147875	WT_PeakRegion_4796_chr13_38050290_38050836	-0.86667304570201	0.0194946034166762	0.0501234846390346
WT_PeakRegion_20_chr1_8113502_8114094	-1.40825694802389	-0.954226413853307	6.74770703074288	0.010032799190026	0.544978091147875	WT_PeakRegion_20_chr1_8113502_8114094	-0.429212710394302	0.18472027138493	0.259877394185136
Shared_PeakRegion_365_chr4_145426466_145429245	-0.923127394079218	0.34654064780225	6.74457383629321	0.0100498876309577	0.544978091147875	Shared_PeakRegion_365_chr4_145426466_145429245	-0.421197495084605	0.0152278084292789	0.0422463259833819
WT_PeakRegion_3108_chr7_83139921_83141576	-0.953291058236915	0.24634487013595	6.6765596303824	0.0104283443527579	0.544978091147875	WT_PeakRegion_3108_chr7_83139921_83141576	-1.01118771102716	0.00139877655657621	0.00953604636989728
WT_PeakRegion_6141_chr18_46022689_46024121	-0.952673744682141	0.172845665508109	6.65816499914746	0.0105332084103538	0.544978091147875	WT_PeakRegion_6141_chr18_46022689_46024121	-1.37328356499172	3.16968839680729e-05	0.0013568120211141
WT_PeakRegion_5237_chr14_73315568_73316381	-1.17503149890323	-0.560412444120004	6.63220585108052	0.0106830542661423	0.544978091147875	WT_PeakRegion_5237_chr14_73315568_73316381	-0.608799716790376	0.10724292057871	0.170724358444128
WT_PeakRegion_476_chr1_194294992_194295969	-1.19402872082838	-0.718878116971751	6.60909832423408	0.0108182934638829	0.544978091147875	WT_PeakRegion_476_chr1_194294992_194295969	-0.744970863758293	0.0513500745979967	0.0992711742182641
WT_PeakRegion_491_chr2_8110983_8112298	-1.011443588345	-0.107649921846135	6.60836853426794	0.0108225933591215	0.544978091147875	WT_PeakRegion_491_chr2_8110983_8112298	-0.79638957177164	0.0202830846144918	0.0512887205059337
WT_PeakRegion_3821_chr9_109212064_109213872	-1.00718786665662	-0.0723162720626399	6.60666668238037	0.010832627474058	0.544978091147875	WT_PeakRegion_3821_chr9_109212064_109213872	-0.973737696201793	0.00174461304322354	0.0107557328049843
WT_PeakRegion_5818_chr17_13723773_13725519	-0.787437204372165	1.40134599167415	6.59792317675195	0.0108843310484959	0.544978091147875	WT_PeakRegion_5818_chr17_13723773_13725519	-0.670780756753217	0.00475832562914007	0.0195436389821302
Shared_PeakRegion_1125_chr13_48244550_48245826	-0.776037406743965	2.34011674254991	6.57727233624422	0.0110074627599059	0.544978091147875	Shared_PeakRegion_1125_chr13_48244550_48245826	-0.757096184771902	0.0131457868186669	0.0382781838833986
WT_PeakRegion_1845_chr5_32250151_32251405	-0.795462651489064	1.25556882754253	6.56910960333889	0.0110565299221883	0.544978091147875	WT_PeakRegion_1845_chr5_32250151_32251405	-1.10631164873538	0.00135918085012052	0.00935056252814035
WT_PeakRegion_6461_chrX_47436615_47437390	-1.17645582140118	-0.613951541305485	6.54941302189218	0.0111758621902777	0.544978091147875	WT_PeakRegion_6461_chrX_47436615_47437390	-0.85490021669763	0.0421728226161588	0.0860974143324864
Q111_PeakRegion_1906_chrX_139663911_139664869	-0.990609710051432	-0.00119483291783991	6.54783715429433	0.0111854670009979	0.544978091147875	Q111_PeakRegion_1906_chrX_139663911_139664869	-0.450936741735418	0.227546979711938	0.306817838544515
WT_PeakRegion_4329_chr11_99750268_99751355	-1.09243405243756	-0.398087743487688	6.49898098478251	0.0114875177309608	0.544978091147875	WT_PeakRegion_4329_chr11_99750268_99751355	-0.852152267608951	0.00840052318950773	0.0282791744324715
Shared_PeakRegion_1133_chr13_70020870_70022660	-0.812823632382182	1.03203836268564	6.48126678120168	0.0115991087554475	0.544978091147875	Shared_PeakRegion_1133_chr13_70020870_70022660	-1.26419256469456	1.23579187833507e-05	0.000852519934415018
WT_PeakRegion_4365_chr12_8130745_8131305	-1.28014295189494	-0.872862775493261	6.47141495587238	0.0116616553709122	0.544978091147875	WT_PeakRegion_4365_chr12_8130745_8131305	-1.13668020515176	0.0081870674202319	0.0277373329367074
WT_PeakRegion_3456_chr8_74361950_74362372	-0.993266348420867	-0.06662378731857	6.46586810276103	0.0116970243418756	0.544978091147875	WT_PeakRegion_3456_chr8_74361950_74362372	-0.955958458732619	0.00103772214165308	0.00796340586118232
WT_PeakRegion_39_chr1_14074994_14075786	-1.05393130283109	-0.279332608646126	6.45175612326278	0.0117875094080714	0.544978091147875	WT_PeakRegion_39_chr1_14074994_14075786	-0.44620339549729	0.241357058900409	0.322429840885035
Shared_PeakRegion_900_chr9_11508650_11510758	1.10388899740174	-0.533876134565008	6.45041304367237	0.0117961588149708	0.544978091147875	Shared_PeakRegion_900_chr9_11508650_11510758	-0.40718805615276	0.149662232082128	0.220599917200705
Q111_PeakRegion_999_chr8_110178216_110178950	-1.09902360572377	-0.493241973306804	6.42278177738046	0.0119755689544126	0.544978091147875	Q111_PeakRegion_999_chr8_110178216_110178950	-0.664977141152934	0.0719746810981105	0.127140831689023
WT_PeakRegion_6171_chr18_59889767_59891359	-0.95704431941849	0.132536179738488	6.4206535244127	0.0119895043600128	0.544978091147875	WT_PeakRegion_6171_chr18_59889767_59891359	-1.02714418806596	0.000544465841879255	0.00566349947741155
WT_PeakRegion_42_chr1_15073654_15074506	-1.04601362891285	-0.253081866555455	6.41402758847958	0.0120329973432782	0.544978091147875	WT_PeakRegion_42_chr1_15073654_15074506	-0.949347632445466	0.0118226220011412	0.0354611543247399
Shared_PeakRegion_1538_chrX_114968147_114969789	-0.938126274270254	0.18921354303131	6.35277560074993	0.0124428774032762	0.544978091147875	Shared_PeakRegion_1538_chrX_114968147_114969789	-0.46033720913424	0.0844787867019986	0.143334511734107
WT_PeakRegion_2380_chr6_7344307_7345121	-1.16509682914838	-0.623978586131481	6.3449118627354	0.012496536701175	0.544978091147875	WT_PeakRegion_2380_chr6_7344307_7345121	-1.02437209984377	0.00559566238007534	0.0216829352292835
Shared_PeakRegion_291_chr4_51311802_51312689	-1.04284689344166	-0.2883182177274	6.32152296344597	0.0126575550837002	0.544978091147875	Shared_PeakRegion_291_chr4_51311802_51312689	-1.34522946425339	8.5791959441411e-05	0.00222248918507766
WT_PeakRegion_6288_chr19_22002844_22004014	-0.938098081790736	0.216763472760353	6.24280822070495	0.0132154272246229	0.544978091147875	WT_PeakRegion_6288_chr19_22002844_22004014	-1.01067587560315	0.00637093782751925	0.0234186025274775
WT_PeakRegion_991_chr3_55412824_55414176	-0.994909023561088	-0.120199048705555	6.23763703695304	0.0132529571462917	0.544978091147875	WT_PeakRegion_991_chr3_55412824_55414176	-1.48077190799177	3.05090630677718e-05	0.00134429510066476
WT_PeakRegion_298_chr1_114452999_114453638	-1.43893428567719	-1.0221743673316	6.22749226478852	0.0133269041876724	0.544978091147875	WT_PeakRegion_298_chr1_114452999_114453638	-1.37889162558591	0.000615130486896483	0.00596783734264531
WT_PeakRegion_336_chr1_132496813_132498039	-0.952709893835795	0.00524897138347519	6.21785456182277	0.0133975512607287	0.544978091147875	WT_PeakRegion_336_chr1_132496813_132498039	-1.05535089151614	0.00251428081460818	0.0132049728469009
WT_PeakRegion_5796_chr17_13521691_13522191	-1.06343972463951	-0.407131978095245	6.20274247034473	0.0135091096834028	0.544978091147875	WT_PeakRegion_5796_chr17_13521691_13522191	-0.850366448049089	0.00695065143923838	0.0249765318500317
Shared_PeakRegion_864_chr8_53921538_53923103	-0.904179410754598	0.275477803398775	6.19197534857483	0.0135891803789111	0.544978091147875	Shared_PeakRegion_864_chr8_53921538_53923103	-0.77187690850226	0.0165256637504808	0.0445476247069721
WT_PeakRegion_3447_chr8_73550664_73551035	-1.50372016465513	-1.0774905135699	6.19102748837546	0.0135962527506493	0.544978091147875	WT_PeakRegion_3447_chr8_73550664_73551035	-1.36327698997894	0.0017808230622876	0.0108532349760542
Shared_PeakRegion_130_chr2_56651412_56653742	-0.848014893894341	0.635293060313338	6.17532693849503	0.0137139576818721	0.544978091147875	Shared_PeakRegion_130_chr2_56651412_56653742	-1.11243804296412	9.54556749765511e-05	0.00235672924644209
Shared_PeakRegion_1338_chr17_13642500_13643033	-0.941464702491369	0.0282697704973143	6.1694914819236	0.0137579741855718	0.544978091147875	Shared_PeakRegion_1338_chr17_13642500_13643033	-0.550280914059212	0.0689352465128233	0.122999893685907
WT_PeakRegion_724_chr2_131628363_131628785	1.07941595788317	-0.560312260741568	6.12435689875938	0.0141034091481678	0.544978091147875	WT_PeakRegion_724_chr2_131628363_131628785	-1.26974997707633	0.00177485914478807	0.0108510985505016
Shared_PeakRegion_1235_chr15_30023569_30025207	-0.921189999389108	0.210730223064565	6.07973802209811	0.0144537463769982	0.544978091147875	Shared_PeakRegion_1235_chr15_30023569_30025207	-1.01551835457186	0.00242190570598915	0.0128624721554477
WT_PeakRegion_5644_chr16_51129489_51130446	-1.08263478651939	-0.555159617987636	6.07311382953585	0.0145065226064757	0.544978091147875	WT_PeakRegion_5644_chr16_51129489_51130446	-0.710943102460122	0.0412729760569705	0.0846692948930318
WT_PeakRegion_3442_chr8_72068502_72068986	-0.986227014788366	-0.195288493021684	6.07010148097607	0.0145305886682684	0.544978091147875	WT_PeakRegion_3442_chr8_72068502_72068986	-0.779845614093889	0.00121574872893236	0.00867909427176456
WT_PeakRegion_623_chr2_82335246_82336207	-1.07791631783017	-0.446979423488703	6.06383285765202	0.0145808024402963	0.544978091147875	WT_PeakRegion_623_chr2_82335246_82336207	-1.34917695483606	0.000377994541230766	0.00462835262709792
WT_PeakRegion_5235_chr14_72857615_72858003	-1.00848315072546	-0.230545713444912	6.03822947629764	0.0147877710669865	0.544978091147875	WT_PeakRegion_5235_chr14_72857615_72858003	-1.20668946900156	0.00593644739306559	0.0224681805437722
WT_PeakRegion_2740_chr7_11056679_11057868	-0.977916495530625	-0.119741748832514	6.03819171986469	0.0147880785175725	0.544978091147875	WT_PeakRegion_2740_chr7_11056679_11057868	-1.71040519438069	2.20884692530773e-05	0.00112757900771627
WT_PeakRegion_4915_chr13_73929872_73930290	-1.09823663132481	-0.593916198352909	6.03815011660202	0.0147884173005699	0.544978091147875	WT_PeakRegion_4915_chr13_73929872_73930290	-1.31514921631114	0.00275578261726618	0.0138866737799961
WT_PeakRegion_431_chr1_179899392_179900171	-1.94613197844665	-1.38994134692787	6.0381088819203	0.0147887530900928	0.544978091147875	WT_PeakRegion_431_chr1_179899392_179900171	-1.12169917485632	0.000558925676776739	0.0057062106297813
WT_PeakRegion_6006_chr17_85906251_85906602	-1.72359361265511	-1.26070249934339	6.03558720031478	0.0148093031372381	0.544978091147875	WT_PeakRegion_6006_chr17_85906251_85906602	-1.40372585795992	0.000824590236379165	0.00702697179662793
WT_PeakRegion_4331_chr11_103934096_103934409	-1.44370763772839	-1.02857155311747	6.02920421430454	0.0148614528314088	0.544978091147875	WT_PeakRegion_4331_chr11_103934096_103934409	-1.33254448720633	0.000150145942102325	0.00296109214937179
WT_PeakRegion_654_chr2_98472277_98473289	-1.08545552483104	-0.549343257034684	6.01478188257982	0.0149799879151059	0.544978091147875	WT_PeakRegion_654_chr2_98472277_98473289	-1.59059106943791	5.55233732436388e-05	0.00179370893246418
WT_PeakRegion_1277_chr4_25115409_25116475	-0.977844427415539	-0.161124521999781	6.01159016370055	0.0150063525533637	0.544978091147875	WT_PeakRegion_1277_chr4_25115409_25116475	-2.26896259992965	4.53865310014155e-06	0.000577830690472237
WT_PeakRegion_1824_chr5_24723467_24723921	0.921083492760223	0.0791072318867865	6.00367955270499	0.0150719046058121	0.544978091147875	WT_PeakRegion_1824_chr5_24723467_24723921	-1.33170317025182	0.00494365844188259	0.0199083989159197
Shared_PeakRegion_988_chr10_121550527_121551895	-1.01706963114022	-0.264013680314522	5.98675519044962	0.0152131501994291	0.544978091147875	Shared_PeakRegion_988_chr10_121550527_121551895	-0.825018891425542	0.0137337773182226	0.0394975074289894
WT_PeakRegion_5610_chr16_37477164_37477551	-1.25838634083901	-0.890527134194682	5.97727267521668	0.0152928883767334	0.544978091147875	WT_PeakRegion_5610_chr16_37477164_37477551	-0.45496393388765	0.2604337025588	0.34216125014781
Shared_PeakRegion_17_chr1_30098884_30100225	-1.03814559300651	-0.385213910877066	5.96172697946372	0.0154245517745041	0.544978091147875	Shared_PeakRegion_17_chr1_30098884_30100225	-0.930224264800468	0.00244570337330732	0.0129412857014213
WT_PeakRegion_6190_chr18_67099509_67100763	-1.18056980026997	-0.782080062453304	5.94632568869496	0.0155561531590236	0.544978091147875	WT_PeakRegion_6190_chr18_67099509_67100763	-0.806781292728061	0.014929130977134	0.0417260654408948
Shared_PeakRegion_1329_chr17_13404504_13405605	-0.815165126237134	0.649679061266807	5.93214175042258	0.0156783839602701	0.544978091147875	Shared_PeakRegion_1329_chr17_13404504_13405605	-0.80336766452584	0.00049738071408878	0.00536308367936341
WT_PeakRegion_6094_chr18_20774381_20775654	-0.923778038748826	0.113146377323939	5.93180225068081	0.0156813218091769	0.544978091147875	WT_PeakRegion_6094_chr18_20774381_20775654	-1.35537040365838	0.000255698650390543	0.00391022813122557
Shared_PeakRegion_1309_chr16_89963523_89964797	-1.10733959005487	-0.645399482792096	5.91350647982256	0.0158404922846263	0.544978091147875	Shared_PeakRegion_1309_chr16_89963523_89964797	-0.585451925196655	0.040984655763995	0.084224982002749
Shared_PeakRegion_790_chr7_58723744_58725306	-0.829868833730479	0.577457259793172	5.89731330877633	0.0159827703812943	0.544978091147875	Shared_PeakRegion_790_chr7_58723744_58725306	-1.18883878539245	5.27717191430666e-05	0.00174808387518741
Shared_PeakRegion_289_chr4_37171126_37172129	-1.02492014337327	-0.39214875823813	5.8901097619567	0.0160464889398743	0.544978091147875	Shared_PeakRegion_289_chr4_37171126_37172129	-0.972969622002352	0.00701036700208374	0.0250411446513627
Shared_PeakRegion_27_chr1_52456724_52457719	-1.10761834341395	-0.645664276707461	5.82581698788213	0.0166270132020463	0.544978091147875	Shared_PeakRegion_27_chr1_52456724_52457719	-0.750550485432199	0.0409280692705824	0.084222826560901
WT_PeakRegion_5305_chr14_118885763_118886136	1.5876112171127	-1.22369275581118	5.8114405906221	0.0167597837187561	0.544978091147875	WT_PeakRegion_5305_chr14_118885763_118886136	-1.58016221291035	0.000559089515575064	0.0057062106297813
Shared_PeakRegion_1157_chr14_14472876_14473964	-0.973265002259455	-0.200807888352931	5.81049044671985	0.0167685973274468	0.544978091147875	Shared_PeakRegion_1157_chr14_14472876_14473964	-0.201862728785833	0.545007366900076	0.619744530562299
WT_PeakRegion_1968_chr5_88580628_88582176	-1.00540109091849	-0.281954617526944	5.80541347186672	0.0168157734647374	0.544978091147875	WT_PeakRegion_1968_chr5_88580628_88582176	-1.00098114576621	0.00147567176860737	0.009812414089999
WT_PeakRegion_1870_chr5_43218340_43219662	-1.06899203794699	-0.561905531213035	5.77550709552372	0.01709648330529	0.544978091147875	WT_PeakRegion_1870_chr5_43218340_43219662	-0.929048796232868	0.00917976493442057	0.0300143627691873
WT_PeakRegion_2584_chr6_95757222_95757951	-1.07957648678422	-0.614682721428748	5.77184248898868	0.0171312139074171	0.544978091147875	WT_PeakRegion_2584_chr6_95757222_95757951	-1.10099539842022	0.00283616155622554	0.0140899611043992
WT_PeakRegion_225_chr1_87525082_87525753	-0.996247788434278	-0.31562838443239	5.76001336601156	0.0172438236251873	0.544978091147875	WT_PeakRegion_225_chr1_87525082_87525753	-0.546224562841988	0.0103914865481002	0.0325041096690649
Shared_PeakRegion_429_chr4_146649090_146650176	-0.781210151137584	0.888239369017217	5.75746478629028	0.0172681859710704	0.544978091147875	Shared_PeakRegion_429_chr4_146649090_146650176	-0.935335654197455	0.00029120255075298	0.00416350891461873
WT_PeakRegion_860_chr3_10789794_10790722	-0.915137196177511	0.047447233434939	5.75611097005688	0.0172811419060082	0.544978091147875	WT_PeakRegion_860_chr3_10789794_10790722	-0.974960484252761	0.00814636203082741	0.0276534847786641
WT_PeakRegion_2291_chr5_133797678_133798553	-1.13421938790638	-0.753093864193534	5.74149821361173	0.017421630232204	0.545048145836096	WT_PeakRegion_2291_chr5_133797678_133798553	-1.49639613275311	0.000560114348215931	0.00570754900443369
WT_PeakRegion_5729_chr16_93946298_93947115	-0.752343473183815	1.12665681289092	5.69395232278257	0.0178870189296496	0.549642731266775	WT_PeakRegion_5729_chr16_93946298_93947115	-0.516967485596479	0.174284590025071	0.248767618127835
WT_PeakRegion_914_chr3_24867365_24867930	-1.53935705137206	-1.15006437065793	5.67589242805464	0.0180671659563975	0.549642731266775	WT_PeakRegion_914_chr3_24867365_24867930	-1.71202639513307	0.00020187880720741	0.00348570809764821
WT_PeakRegion_5822_chr17_13737735_13738621	-0.872211951117641	0.197857797004913	5.65333056541655	0.0182948762144307	0.549642731266775	WT_PeakRegion_5822_chr17_13737735_13738621	-0.918148324466209	3.43786814795304e-05	0.0014415854253738
Q111_PeakRegion_487_chr4_146801449_146802058	1.29304519086164	-0.993751205872783	5.62818795085673	0.0185521560916262	0.549642731266775	Q111_PeakRegion_487_chr4_146801449_146802058	0.090510349180133	0.686953129996694	0.744821847391244
Shared_PeakRegion_863_chr8_53389037_53392138	-0.794067006205815	0.825060340900217	5.62348072548978	0.0186007413944083	0.549642731266775	Shared_PeakRegion_863_chr8_53389037_53392138	-0.915986371009408	0.0007291773196947	0.00665342802361589
WT_PeakRegion_5620_chr16_42985067_42985920	-1.06835931425518	-0.615225342832482	5.62258963151019	0.0186099536611478	0.549642731266775	WT_PeakRegion_5620_chr16_42985067_42985920	-0.466007567280225	0.191091685112904	0.266992706146775
WT_PeakRegion_4675_chr12_120086910_120087245	-0.729076807279773	2.50307188712243	5.58562093928908	0.0189963589126164	0.549642731266775	WT_PeakRegion_4675_chr12_120086910_120087245	-1.25523559814163	0.00780825956842658	0.0268937023662202
Shared_PeakRegion_1315_chr16_93995809_93997565	0.742765577000922	1.25829138805245	5.58302472709611	0.0190238071780215	0.549642731266775	Shared_PeakRegion_1315_chr16_93995809_93997565	0.227091462456355	0.422702637074367	0.504939946412485
WT_PeakRegion_2419_chr6_23314746_23315758	-1.21845003473831	-0.911717264276701	5.58160245143057	0.0190388615930356	0.549642731266775	WT_PeakRegion_2419_chr6_23314746_23315758	-0.721005890291367	0.0434904827982492	0.0879379892325103
WT_PeakRegion_1393_chr4_71740919_71741850	-1.03222301522433	-0.531496475014077	5.56449184954509	0.0192209484490944	0.549642731266775	WT_PeakRegion_1393_chr4_71740919_71741850	-1.75649136873217	4.86495777396071e-05	0.00173733713482169
Shared_PeakRegion_292_chr4_51667156_51667767	-1.27421993341388	-0.949778365619151	5.5527501315254	0.01934694968451	0.549642731266775	Shared_PeakRegion_292_chr4_51667156_51667767	-0.276932232319745	0.546632233827531	0.621237127861424
WT_PeakRegion_1769_chr4_155451782_155452252	-0.73100068292854	2.66893063766798	5.55249745456271	0.019349670617272	0.549642731266775	WT_PeakRegion_1769_chr4_155451782_155452252	-1.53801019226518	0.000880854922558783	0.00732336268031366
Shared_PeakRegion_1367_chr17_59184318_59185878	-0.852925686229107	0.303759885088839	5.54186571517757	0.0194645197236202	0.549642731266775	Shared_PeakRegion_1367_chr17_59184318_59185878	-1.17356449052744	4.42888718731139e-05	0.00165371204623037
Q111_PeakRegion_210_chr3_27639710_27640656	-1.0150583939017	-0.490049868623526	5.53670321081785	0.0195205434747206	0.549642731266775	Q111_PeakRegion_210_chr3_27639710_27640656	-0.0370576206341497	0.916643449268317	0.9349586224342
WT_PeakRegion_2912_chr7_29031295_29032721	-0.750922974711073	1.00464613338128	5.52047241640074	0.0196977778517008	0.550699576534785	WT_PeakRegion_2912_chr7_29031295_29032721	-0.75580951325846	0.0271989330623711	0.0631323806190754
Shared_PeakRegion_1190_chr14_44102893_44103777	0.873490178794851	0.0381128638403275	5.47596626218913	0.0201924248630927	0.551810729065362	Shared_PeakRegion_1190_chr14_44102893_44103777	-0.268763116605356	0.32251525971301	0.406587777307012
WT_PeakRegion_6665_chrX_166419484_166420116	-0.757552826808683	0.860916346448786	5.46549268161877	0.0203107004937513	0.551810729065362	WT_PeakRegion_6665_chrX_166419484_166420116	-0.573007482776799	0.00129271204778617	0.00907044369784626
Shared_PeakRegion_1003_chr11_13446244_13447148	-1.10455808479592	-0.773912032662948	5.45985659398098	0.0203746461530739	0.551810729065362	Shared_PeakRegion_1003_chr11_13446244_13447148	-0.824484784645978	0.0143740484569662	0.040612451883626
WT_PeakRegion_625_chr2_83253674_83254967	-0.985316569591605	-0.364174848939303	5.45195375754442	0.0204646634853926	0.551810729065362	WT_PeakRegion_625_chr2_83253674_83254967	-0.620505608139287	0.0662590116085418	0.119277508631595
Shared_PeakRegion_1411_chr18_50824314_50825310	-1.05965939604407	-0.620818081597992	5.44953930753332	0.0204922479180563	0.551810729065362	Shared_PeakRegion_1411_chr18_50824314_50825310	-0.268673779847085	0.442486475065974	0.523530940951918
WT_PeakRegion_243_chr1_95269040_95269641	-1.01088795865717	-0.485571717190831	5.44210584775776	0.0205774168372928	0.551810729065362	WT_PeakRegion_243_chr1_95269040_95269641	-1.54246873870811	0.000252403465477703	0.0038936458681794
WT_PeakRegion_2586_chr6_96871837_96872338	-1.03453833487672	-0.576070952995204	5.40000269442164	0.02106683083859	0.55679040138356	WT_PeakRegion_2586_chr6_96871837_96872338	-0.607417718149001	0.162726628715126	0.235455605317368
Shared_PeakRegion_612_chr5_100260084_100261269	-1.36718141038267	-1.05595962173127	5.37739961668456	0.0213345666969175	0.55679040138356	Shared_PeakRegion_612_chr5_100260084_100261269	-0.22739981029709	0.447215402932605	0.527919120136566
Shared_PeakRegion_303_chr4_72240137_72241113	-1.11650010258642	-0.768610056017713	5.36445606246534	0.02148948070761	0.55679040138356	Shared_PeakRegion_303_chr4_72240137_72241113	-0.883225863450816	0.00920652235875975	0.030044880100375
WT_PeakRegion_5813_chr17_13645666_13646593	-0.789720504087677	0.505840721027202	5.32097746252628	0.0220185016227084	0.55679040138356	WT_PeakRegion_5813_chr17_13645666_13646593	-0.599150918609663	0.021566867387506	0.0533591870015865
WT_PeakRegion_6096_chr18_20786273_20787343	-0.990156828934761	-0.457070952268328	5.30845067949859	0.0221734290744226	0.55679040138356	WT_PeakRegion_6096_chr18_20786273_20787343	-0.788934229098665	0.0420619586910481	0.0859042747368198
WT_PeakRegion_1143_chr3_128728024_128729051	-0.93813604196375	-0.267344413217404	5.28692627214282	0.0224423000103404	0.55679040138356	WT_PeakRegion_1143_chr3_128728024_128729051	-1.40189628425757	0.000144075001822478	0.00294475927322655
WT_PeakRegion_3113_chr7_86917774_86918071	-0.828999157052121	0.26157843996848	5.25813677679222	0.0228072552869574	0.55679040138356	WT_PeakRegion_3113_chr7_86917774_86918071	-0.932390660130191	0.0437365910725339	0.0883004504897719
WT_PeakRegion_6516_chrX_77453603_77454133	-1.31264785349489	-1.00998389088044	5.25408601228602	0.0228591008268089	0.55679040138356	WT_PeakRegion_6516_chrX_77453603_77454133	-1.67721204239157	0.000748057560444839	0.00671105606736824
Shared_PeakRegion_1426_chr18_78893218_78895070	-0.828979894147132	0.270581781776202	5.24051324991499	0.0230337171188997	0.55679040138356	Shared_PeakRegion_1426_chr18_78893218_78895070	-0.8506447830491	0.00308863335843787	0.0149234516225939
Shared_PeakRegion_1332_chr17_13429517_13430445	-0.851424008614185	0.0781042005872578	5.2238427776123	0.0232500947546297	0.55679040138356	Shared_PeakRegion_1332_chr17_13429517_13430445	-0.283629120825797	0.271453467987865	0.35351846145277
WT_PeakRegion_3888_chr10_8012872_8013510	-1.05954554575681	-0.742521171740603	5.20224991420796	0.0235335251734822	0.55679040138356	WT_PeakRegion_3888_chr10_8012872_8013510	-0.486866522969723	0.200503101432206	0.277937330819116
Shared_PeakRegion_217_chr3_66473897_66475109	-0.887007422985627	-0.0370241224057697	5.19394056969802	0.0236435546066643	0.55679040138356	Shared_PeakRegion_217_chr3_66473897_66475109	-0.700361444722124	0.0277138118561565	0.0639414519397393
Q111_PeakRegion_1584_chr17_63017310_63017904	1.07567184852544	-0.811037056651942	5.19295258544763	0.0236566728671477	0.55679040138356	Q111_PeakRegion_1584_chr17_63017310_63017904	0.0172525230271425	0.963028563327995	0.971764976001425
WT_PeakRegion_5930_chr17_54075259_54075833	-1.11957250776767	-0.832791556859928	5.16796759768272	0.0239909600525538	0.55679040138356	WT_PeakRegion_5930_chr17_54075259_54075833	-0.766467169004629	0.0756240430316443	0.131979154786179
Shared_PeakRegion_906_chr9_22515946_22516820	1.10376291586638	-0.845214466507133	5.16734674773558	0.0239993293316411	0.55679040138356	Shared_PeakRegion_906_chr9_22515946_22516820	0.194902471917652	0.56097442845906	0.633652248586519
WT_PeakRegion_3530_chr8_107280704_107281402	-0.976783877006638	-0.468136190924745	5.16049734373991	0.0240918645998445	0.55679040138356	WT_PeakRegion_3530_chr8_107280704_107281402	-0.840013727442129	0.0213189048265205	0.0529067325744111
Q111_PeakRegion_952_chr8_28429542_28430624	-0.943811975259111	-0.274195898161058	5.14851051902247	0.0242547050660929	0.55679040138356	Q111_PeakRegion_952_chr8_28429542_28430624	-0.889848713655934	0.0119946565657681	0.0358246285840791
WT_PeakRegion_4956_chr13_96262518_96263055	-0.908946388564208	-0.169710219191278	5.14839740297977	0.0242562472121682	0.55679040138356	WT_PeakRegion_4956_chr13_96262518_96263055	-1.22088184049993	0.00327154571854088	0.0154401177346233
Q111_PeakRegion_843_chr7_36354237_36354815	-0.957506318872237	-0.388740495685346	5.13742843133229	0.0244062787313446	0.55679040138356	Q111_PeakRegion_843_chr7_36354237_36354815	-0.0660093437388471	0.80341746794041	0.844663454753389
Shared_PeakRegion_1067_chr12_63277739_63279084	-0.804891965487268	0.379859118371848	5.13210464031437	0.0244794460354643	0.55679040138356	Shared_PeakRegion_1067_chr12_63277739_63279084	-1.20206925371452	0.000754753579803315	0.00673036377871867
WT_PeakRegion_2677_chr6_142483085_142483781	-1.02688883222063	-0.638754119987537	5.13108339661965	0.0244935076596618	0.55679040138356	WT_PeakRegion_2677_chr6_142483085_142483781	-0.386686146519917	0.301588623871017	0.384843254250095
WT_PeakRegion_171_chr1_62814255_62814930	-0.979940727428584	-0.511339790262942	5.12099880536033	0.0246328180294507	0.55679040138356	WT_PeakRegion_171_chr1_62814255_62814930	-0.908451524760961	0.00766520517943164	0.0265829416248947
WT_PeakRegion_4268_chr11_62365745_62366573	-1.18317541995805	-0.933090058586218	5.11830491511318	0.0246701719994143	0.55679040138356	WT_PeakRegion_4268_chr11_62365745_62366573	-1.07024815832987	0.00451794262916298	0.0189030048616524
WT_PeakRegion_5797_chr17_13522821_13523818	-0.752496503410151	0.745687641786745	5.11656955236036	0.0246942662265944	0.55679040138356	WT_PeakRegion_5797_chr17_13522821_13523818	-1.01123685400334	0.000208188056172023	0.00353685400252374
Shared_PeakRegion_1307_chr16_89878333_89879469	0.943825032732345	-0.286397352329238	5.10981799505848	0.0247882410250851	0.55679040138356	Shared_PeakRegion_1307_chr16_89878333_89879469	0.359639927554003	0.280451794890626	0.363000259261299
WT_PeakRegion_663_chr2_103855410_103856426	-0.972990588194495	-0.474695739555518	5.0949872565405	0.0249959856791826	0.55679040138356	WT_PeakRegion_663_chr2_103855410_103856426	-1.59010549094539	4.99898195625056e-05	0.00173733713482169
WT_PeakRegion_5321_chr15_3756814_3757941	-0.9577573104546	-0.437499934832001	5.04282741108182	0.0257412137243795	0.55679040138356	WT_PeakRegion_5321_chr15_3756814_3757941	-0.727788733049014	0.0270566572381264	0.0628783147207569
WT_PeakRegion_981_chr3_49280071_49280913	-1.13150756501495	-0.886774561116136	5.03548107922436	0.0258480272431022	0.55679040138356	WT_PeakRegion_981_chr3_49280071_49280913	-1.03161118202023	0.00356891382674596	0.0163487701784245
WT_PeakRegion_2387_chr6_10655330_10656016	-1.068177618513	-0.792127783755967	5.02109151624255	0.0260585940883138	0.55679040138356	WT_PeakRegion_2387_chr6_10655330_10656016	-2.20209432415701	1.6416658188802e-05	0.000985652426596992
WT_PeakRegion_5534_chr16_3383355_3384967	-0.963594155479465	-0.478602742845939	5.00825330825907	0.026247975620092	0.55679040138356	WT_PeakRegion_5534_chr16_3383355_3384967	-1.03822458154833	0.00122222307603137	0.00870885451410888
WT_PeakRegion_4921_chr13_75309132_75309871	-1.05496035474134	-0.748738693431893	5.00185320973973	0.0263429238410607	0.55679040138356	WT_PeakRegion_4921_chr13_75309132_75309871	-1.92983903777453	2.07491250895442e-05	0.00108542576644165
WT_PeakRegion_4500_chr12_48381009_48381874	-1.01917063562969	-0.646997590407502	4.99456724064428	0.026451452314962	0.55679040138356	WT_PeakRegion_4500_chr12_48381009_48381874	-1.3782030395313	0.000284353989005788	0.00410487513910404
WT_PeakRegion_3118_chr7_90334112_90335245	-0.979372167069625	-0.564547952466821	4.98108671812143	0.0266534886417072	0.55679040138356	WT_PeakRegion_3118_chr7_90334112_90335245	-0.658176113283922	0.0459327325472422	0.0914414440140747
WT_PeakRegion_5974_chr17_70578804_70579625	-1.01153575701359	-0.652022544677674	4.97101961950509	0.0268054209931842	0.55679040138356	WT_PeakRegion_5974_chr17_70578804_70579625	-1.79699345508807	6.9906741634172e-05	0.00199111735538624
WT_PeakRegion_3428_chr8_69477312_69478281	-0.968242813141954	-0.514231299792683	4.95894771533547	0.0269888069627066	0.55679040138356	WT_PeakRegion_3428_chr8_69477312_69478281	-1.1993561084005	0.00186599587250519	0.0111800585989553
WT_PeakRegion_1546_chr4_128116086_128116907	-0.98526029330772	-0.559648069248048	4.94460708521903	0.0272083671655603	0.55679040138356	WT_PeakRegion_1546_chr4_128116086_128116907	-1.10257564017773	0.00385803939313682	0.0171726631285917
WT_PeakRegion_1007_chr3_62546014_62546794	-1.27782970021713	-1.02741089469937	4.9443935170284	0.027211651080286	0.55679040138356	WT_PeakRegion_1007_chr3_62546014_62546794	-1.11250779665504	0.0038476639358585	0.017161404691571
WT_PeakRegion_337_chr1_132811194_132811709	-1.32875411646258	-1.08184042562999	4.94138305288228	0.0272579854673807	0.55679040138356	WT_PeakRegion_337_chr1_132811194_132811709	-0.873908973901823	0.0159159891783768	0.0436115332564609
WT_PeakRegion_5148_chr14_44085083_44086097	-0.81379885352276	0.166072335888212	4.94051475642428	0.0272713648713266	0.55679040138356	WT_PeakRegion_5148_chr14_44085083_44086097	-0.645350145796237	0.0192773283671834	0.0497566020654683
Shared_PeakRegion_1508_chrX_58518354_58519585	-0.924857511012251	-0.314625853791638	4.92976098233045	0.0274376392389995	0.55679040138356	Shared_PeakRegion_1508_chrX_58518354_58519585	-0.469556652808974	0.166187642635717	0.239480192174687
WT_PeakRegion_6149_chr18_48376219_48377452	-0.75832699902646	0.549633653680476	4.92944767006515	0.027442499558502	0.55679040138356	WT_PeakRegion_6149_chr18_48376219_48377452	-1.48824212340657	7.61701011754433e-05	0.00211755179014059
WT_PeakRegion_4119_chr10_121381589_121381951	-1.45903866823303	-1.19580478042065	4.9244305305624	0.0275204519876672	0.55679040138356	WT_PeakRegion_4119_chr10_121381589_121381951	-1.18210950350103	0.0326712634539839	0.0716962816765069
WT_PeakRegion_1265_chr4_20753953_20754711	-0.97471848223579	-0.561560149140094	4.9206166978978	0.0275798636219789	0.55679040138356	WT_PeakRegion_1265_chr4_20753953_20754711	-1.63520691030734	0.000109355517465268	0.00254947209623921
WT_PeakRegion_1909_chr5_59116160_59117829	-0.868898722639727	-0.0730557608020162	4.91006215656822	0.0277449835043914	0.55679040138356	WT_PeakRegion_1909_chr5_59116160_59117829	-0.817610223163535	0.00962212281286732	0.0308018696648195
WT_PeakRegion_2414_chr6_21344023_21344829	-1.08987742531115	-0.846750296130558	4.90291183856849	0.0278574348392574	0.55679040138356	WT_PeakRegion_2414_chr6_21344023_21344829	-1.04917991897197	0.00696204631949414	0.0249976022623495
WT_PeakRegion_5102_chr14_41657655_41658727	-0.976507680468977	-0.559705583944528	4.89213520052745	0.0280278201108841	0.55679040138356	WT_PeakRegion_5102_chr14_41657655_41658727	-1.29469142055564	0.000359973350719625	0.00455426138499638
WT_PeakRegion_945_chr3_35029514_35030279	-0.985078766167564	-0.610729174324807	4.89155517564166	0.028037021593086	0.55679040138356	WT_PeakRegion_945_chr3_35029514_35030279	-0.900182746467584	0.0364671874837171	0.0773758477446055
WT_PeakRegion_4290_chr11_72774644_72775041	-0.687427732191903	3.24193510244584	4.8896306143283	0.028067575424111	0.55679040138356	WT_PeakRegion_4290_chr11_72774644_72775041	-1.39320226281347	0.00750905696842	0.0262134803387163
WT_PeakRegion_3051_chr7_56953945_56954444	-0.729419088023821	0.701722993505472	4.86260664057936	0.0285003078657353	0.55679040138356	WT_PeakRegion_3051_chr7_56953945_56954444	-1.021557563004	0.0117566446343731	0.0353133780134793
Q111_PeakRegion_223_chr3_48870737_48871268	0.748253426547251	3.21824647397976	4.86235544342326	0.0285043629289027	0.55679040138356	Q111_PeakRegion_223_chr3_48870737_48871268	1.31873276114996	0.00774937338165323	0.026768020926906
WT_PeakRegion_5063_chr14_25142428_25143515	-0.907439035744611	-0.280701905270839	4.85976699650332	0.0285461833639195	0.55679040138356	WT_PeakRegion_5063_chr14_25142428_25143515	-1.21066073845203	0.00161762102999432	0.0103340669134088
WT_PeakRegion_6175_chr18_60956556_60957131	0.947275705516731	-0.542052960419374	4.84664034555213	0.0287592581516918	0.55679040138356	WT_PeakRegion_6175_chr18_60956556_60957131	-1.52913270234503	0.000295774968990405	0.00417095951778216
Shared_PeakRegion_142_chr2_113569244_113570146	-1.22294129795883	-0.989172951299601	4.84468622289657	0.0287911203150282	0.55679040138356	Shared_PeakRegion_142_chr2_113569244_113570146	-1.00577684791619	0.00829282716287701	0.028005849993647
Shared_PeakRegion_483_chr5_3436074_3438488	-0.671186554237852	1.46745903884079	4.84405203179487	0.0288014688218461	0.55679040138356	Shared_PeakRegion_483_chr5_3436074_3438488	-0.237304019701169	0.342945936202107	0.427700897893033
Shared_PeakRegion_182_chr3_18455323_18457079	-0.814333286635871	0.144733059129416	4.84098431658798	0.0288515818401685	0.55679040138356	Shared_PeakRegion_182_chr3_18455323_18457079	-0.839887523703671	0.00435204717267832	0.018395352516365
Shared_PeakRegion_85_chr1_123099281_123101535	-0.765205495005241	0.487684532585622	4.84082144270038	0.0288542450416087	0.55679040138356	Shared_PeakRegion_85_chr1_123099281_123101535	-1.0055462063854	6.11901901265987e-05	0.00186339117886965
Q111_PeakRegion_1044_chr9_90166939_90168145	-1.16418286236746	-0.945010324893016	4.83381006068268	0.0289691352118373	0.55679040138356	Q111_PeakRegion_1044_chr9_90166939_90168145	-0.503272726047042	0.0931785310495346	0.154039039048879
WT_PeakRegion_5365_chr15_26177622_26178265	-1.07930612734362	-0.848872665062341	4.82058581163541	0.0291871393276782	0.55679040138356	WT_PeakRegion_5365_chr15_26177622_26178265	-1.63741838624826	0.000110808952777604	0.00255752520219472
Shared_PeakRegion_1200_chr14_69093660_69095999	-0.772267848452662	0.407687971483673	4.79874901264361	0.0295508998715646	0.55679040138356	Shared_PeakRegion_1200_chr14_69093660_69095999	-0.958341907734125	0.000105365837945961	0.00248614594857682
Shared_PeakRegion_710_chr7_5226535_5227983	-0.941073344795056	-0.483660979056721	4.79737334046085	0.0295739747685635	0.55679040138356	Shared_PeakRegion_710_chr7_5226535_5227983	-1.03800957620413	0.00087867672372406	0.00731100546424578
WT_PeakRegion_3357_chr8_36568176_36568904	1.04163500216061	-0.828035716900402	4.77531212438994	0.0299466147772363	0.55679040138356	WT_PeakRegion_3357_chr8_36568176_36568904	-1.05099267325991	0.00561348838882406	0.0216963174121082
WT_PeakRegion_790_chr2_167702267_167702745	-0.662256551574039	1.57472055214334	4.76373690733107	0.030144102732405	0.55679040138356	WT_PeakRegion_790_chr2_167702267_167702745	-0.945698311813231	0.0169242534475098	0.0453100040992745
Shared_PeakRegion_1281_chr16_28293001_28295213	-0.734436130179984	0.721902520685155	4.75440476316714	0.0303043166739466	0.55679040138356	Shared_PeakRegion_1281_chr16_28293001_28295213	-0.984023625825251	0.000322518642628433	0.00434654671957481
Q111_PeakRegion_1049_chr9_101329852_101330976	-0.942315928732633	-0.492567515572714	4.75105347717906	0.0303620694721133	0.55679040138356	Q111_PeakRegion_1049_chr9_101329852_101330976	-1.09510821423003	0.00183741720443168	0.0110821847027566
Shared_PeakRegion_15_chr1_25718927_25720086	-0.930923990692588	-0.395393757726495	4.7470024411934	0.0304320354451242	0.55679040138356	Shared_PeakRegion_15_chr1_25718927_25720086	-1.09970729178305	0.00219026563902771	0.0121398233235118
WT_PeakRegion_6307_chr19_30735457_30736588	-0.841043123166408	0.000145463762813752	4.74586645845498	0.0304516855390857	0.55679040138356	WT_PeakRegion_6307_chr19_30735457_30736588	-1.49403445020293	4.96989640466349e-05	0.00173733713482169
WT_PeakRegion_5781_chr17_13391762_13392280	-0.961054571567262	-0.577941611047737	4.73990710634102	0.0305549882782104	0.55679040138356	WT_PeakRegion_5781_chr17_13391762_13392280	-0.901555252207492	0.00622019632031637	0.0230384908926685
Shared_PeakRegion_928_chr9_80849681_80852097	-0.737098114820693	0.585167024938005	4.73839342322103	0.0305812858884534	0.55679040138356	Shared_PeakRegion_928_chr9_80849681_80852097	-0.590197595966242	0.0228521118288657	0.0554867338455017
WT_PeakRegion_2676_chr6_142021329_142022029	-1.37431918655386	-1.14954527535666	4.73812176663245	0.0305860079648111	0.55679040138356	WT_PeakRegion_2676_chr6_142021329_142022029	-1.4194813235705	0.000305657265902511	0.00422759205339245
WT_PeakRegion_2491_chr6_58123527_58124162	-1.11613283261368	-0.905797022053197	4.72848468321699	0.0307540213186104	0.55679040138356	WT_PeakRegion_2491_chr6_58123527_58124162	-1.41680497959716	0.00347352162171178	0.0160168834638586
Shared_PeakRegion_1145_chr13_101341366_101342046	-1.11161358348407	-0.904427586915548	4.72463142719749	0.0308214702550403	0.55679040138356	Shared_PeakRegion_1145_chr13_101341366_101342046	-0.0590396644788096	0.869258635516825	0.897981816551597
WT_PeakRegion_4940_chr13_84629163_84630209	-0.88932381826148	-0.256215280798421	4.71182347054269	0.0310467850061206	0.55679040138356	WT_PeakRegion_4940_chr13_84629163_84630209	-0.851760611093369	0.0222479454434103	0.0544938373447668
Shared_PeakRegion_815_chr7_106445108_106448665	0.726100780864771	0.858896538111316	4.7102804685501	0.0310740457393159	0.55679040138356	Shared_PeakRegion_815_chr7_106445108_106448665	-0.189754713497453	0.343984022326908	0.428793106515093
Shared_PeakRegion_1136_chr13_71157401_71159625	-0.662850099959204	1.39041150696814	4.7013445809541	0.0312324145002324	0.557095827872924	Shared_PeakRegion_1136_chr13_71157401_71159625	-0.808745729466395	0.0027809362243252	0.0139319434324835
WT_PeakRegion_2894_chr7_24857593_24858193	-1.03826261452385	-0.817823667172958	4.68547079298642	0.0315158376081442	0.557195864240582	WT_PeakRegion_2894_chr7_24857593_24858193	-1.33932851849739	0.000604351011337832	0.00594062989470407
Shared_PeakRegion_87_chr1_124668721_124670234	-0.78738674963752	0.188511730615925	4.6703635678535	0.0317880855514438	0.557195864240582	Shared_PeakRegion_87_chr1_124668721_124670234	-0.975082352228934	0.000410103333143253	0.00480439237397423
WT_PeakRegion_461_chr1_190649053_190649434	-0.990592763040971	-0.717100726677828	4.66221336308902	0.0319359864719541	0.557195864240582	WT_PeakRegion_461_chr1_190649053_190649434	-1.19652089106558	0.00906359503896418	0.02980859283434
WT_PeakRegion_5325_chr15_6477221_6478246	-0.658496120229462	1.62706856072537	4.66047161511579	0.0319676875241933	0.557195864240582	WT_PeakRegion_5325_chr15_6477221_6478246	-0.866392119485566	0.0202180986741472	0.0512337287025691
Shared_PeakRegion_497_chr5_33066460_33067761	-0.739347304177404	0.481643629681472	4.65829268999188	0.0320073921072344	0.557195864240582	Shared_PeakRegion_497_chr5_33066460_33067761	-0.195892325249302	0.392499975538426	0.475854433400017
WT_PeakRegion_6191_chr18_67228214_67228906	-0.759858097835111	0.323685871514629	4.65398095078234	0.0320861139478975	0.557195864240582	WT_PeakRegion_6191_chr18_67228214_67228906	-1.13857626664917	0.00368814723657978	0.0166983785716859
WT_PeakRegion_5285_chr14_107564698_107565581	-1.01512854585185	-0.709419726426731	4.64579839645919	0.0322360677945057	0.557344645815533	WT_PeakRegion_5285_chr14_107564698_107565581	-1.16793740748347	0.00169162551096245	0.0106036990015829
WT_PeakRegion_5780_chr17_13385928_13386310	-0.933756630591021	-0.537581340287238	4.63794710906172	0.0323806438365996	0.557399554602076	WT_PeakRegion_5780_chr17_13385928_13386310	-0.930541065703479	0.00932599833758679	0.0302108597281666
Shared_PeakRegion_1387_chr17_89116780_89117717	-0.967423515266212	-0.615129314480835	4.61062911801136	0.0328890241300453	0.563689274437559	Shared_PeakRegion_1387_chr17_89116780_89117717	-0.140436431442626	0.682723672682042	0.741453345244721
WT_PeakRegion_2597_chr6_103530987_103532244	-0.709249902762946	0.733406344192556	4.57534053606576	0.0335581976884148	0.567833864751978	WT_PeakRegion_2597_chr6_103530987_103532244	-1.65512770178651	7.62550888079381e-06	0.000699317002434702
WT_PeakRegion_4603_chr12_96486623_96487741	-0.75449069993543	0.370920789883833	4.57016498697942	0.0336575397230776	0.567833864751978	WT_PeakRegion_4603_chr12_96486623_96487741	-1.71478620713249	6.19704287976811e-06	0.000654841521105096
WT_PeakRegion_1482_chr4_109219772_109220166	-0.962734999240138	-0.635208814668536	4.56794450833563	0.0337002555434191	0.567833864751978	WT_PeakRegion_1482_chr4_109219772_109220166	-0.910471096605098	0.0236243782991414	0.0568848972907811
Shared_PeakRegion_146_chr2_122469110_122470373	-0.719001998938093	0.62470011272385	4.55163386667464	0.0340157816421113	0.567833864751978	Shared_PeakRegion_146_chr2_122469110_122470373	-0.75299100498418	0.0115217791593236	0.0347958389187118
Shared_PeakRegion_184_chr3_20396896_20398060	0.905218188784425	-0.476386438697411	4.55069502184548	0.0340340378236752	0.567833864751978	Shared_PeakRegion_184_chr3_20396896_20398060	0.278166794749888	0.414207671901385	0.496693630769856
WT_PeakRegion_4711_chr13_12230241_12230962	-0.723039027574979	0.592198052077158	4.54732221945919	0.0340997083615631	0.567833864751978	WT_PeakRegion_4711_chr13_12230241_12230962	-1.10227150908622	0.00259423969247973	0.0134313232878164
WT_PeakRegion_3394_chr8_57912096_57912585	-1.00454475810105	-0.767271009944254	4.54529854861994	0.0341391745170519	0.567833864751978	WT_PeakRegion_3394_chr8_57912096_57912585	-0.846154795480705	0.0200844656367438	0.0510114953474469
WT_PeakRegion_1829_chr5_26706039_26707234	-0.895278530833549	-0.333194435283163	4.53296216378682	0.0343808046971829	0.569450134942416	WT_PeakRegion_1829_chr5_26706039_26707234	-1.09301811355606	0.00286398006683254	0.0141750245275032
Shared_PeakRegion_1444_chr19_35978589_35979652	-0.89021238437648	-0.33952732530851	4.5195990478818	0.0346445789168306	0.570145753349454	Shared_PeakRegion_1444_chr19_35978589_35979652	-1.05862762384408	0.00170150478354803	0.0106263599573003
WT_PeakRegion_3842_chr9_115885020_115885481	-0.923335193814995	-0.539033223771507	4.51619707620752	0.0347120702191448	0.570145753349454	WT_PeakRegion_3842_chr9_115885020_115885481	-1.11880020423716	0.00375970085992533	0.0168843004618916
Q111_PeakRegion_1048_chr9_100999810_101000104	1.43137607668266	-1.22332651923261	4.49618072463736	0.0351119877067066	0.574321392281484	Q111_PeakRegion_1048_chr9_100999810_101000104	-0.285263059554986	0.424310189312137	0.506427209238294
Shared_PeakRegion_910_chr9_32848194_32850006	-0.70486409949922	0.726123590677997	4.48705953528155	0.0352958324562423	0.574942857613666	Shared_PeakRegion_910_chr9_32848194_32850006	-0.946534623054199	0.000857582473441284	0.00717548405228054
WT_PeakRegion_3084_chr7_69479491_69480711	-0.920828783131768	-0.549045709207149	4.47266343253676	0.0355880644501159	0.575861763453953	WT_PeakRegion_3084_chr7_69479491_69480711	-1.02724706529334	0.00228113850674813	0.0124022553770944
WT_PeakRegion_6389_chrX_9172861_9173595	-1.05444868910589	-0.872488042548113	4.46364920139301	0.035772345385092	0.575861763453953	WT_PeakRegion_6389_chrX_9172861_9173595	-1.44873931904094	0.00205989367754484	0.0117531838502248
WT_PeakRegion_135_chr1_47685681_47687501	-0.79453732475989	0.195642846326797	4.4578117959368	0.0358922178872672	0.575861763453953	WT_PeakRegion_135_chr1_47685681_47687501	-0.798722638715138	0.0123201539740658	0.0365694008550431
WT_PeakRegion_1481_chr4_109102673_109103222	1.04191955020319	-0.878421119606475	4.45565676925722	0.0359365788456805	0.575861763453953	WT_PeakRegion_1481_chr4_109102673_109103222	-1.68888455774817	4.37117873699653e-05	0.00164965163263723
Shared_PeakRegion_307_chr4_82711804_82712999	-0.888162940015518	-0.382741682009004	4.43980669913435	0.0362646322413531	0.57637674805388	Shared_PeakRegion_307_chr4_82711804_82712999	-1.09777999381783	0.00064839224112947	0.00615694948030094
WT_PeakRegion_4729_chr13_13017843_13018526	-1.01472687780104	-0.826356639293813	4.42146565946206	0.0366481879585544	0.57637674805388	WT_PeakRegion_4729_chr13_13017843_13018526	-0.656929973824445	0.0155912070124254	0.0429938111952763
WT_PeakRegion_3839_chr9_115309174_115309779	-0.836335252299392	-0.173571102647642	4.4178909366618	0.0367234411232112	0.57637674805388	WT_PeakRegion_3839_chr9_115309174_115309779	-0.605308231918943	0.106434231959611	0.169738987189437
Shared_PeakRegion_246_chr3_140434271_140437041	-0.692325899393156	0.788852322318853	4.41356927810521	0.036814636116952	0.57637674805388	Shared_PeakRegion_246_chr3_140434271_140437041	-1.22813354889226	1.67196730403827e-06	0.000304615146582283
WT_PeakRegion_4473_chr12_33694463_33694861	-1.0139466351298	-0.827191262741429	4.40517831791894	0.0369923839240826	0.57637674805388	WT_PeakRegion_4473_chr12_33694463_33694861	-0.903591443263544	0.0382638899796679	0.0802410250873488
WT_PeakRegion_6270_chr19_11954353_11954704	0.97865056832845	-0.809688714954179	4.38645405674285	0.0373922978297373	0.57637674805388	WT_PeakRegion_6270_chr19_11954353_11954704	-1.75997684412681	0.000254978077570582	0.00390629906042805
WT_PeakRegion_6154_chr18_50942598_50943177	-1.05737333130177	-0.865873121855593	4.37130409455401	0.0377192107411728	0.57637674805388	WT_PeakRegion_6154_chr18_50942598_50943177	-1.24182143288187	0.00923225489263798	0.030058083294688
Shared_PeakRegion_1095_chr13_3108704_3110367	-0.81762460163323	-0.113795802925476	4.36926910763249	0.0377633519571165	0.57637674805388	Shared_PeakRegion_1095_chr13_3108704_3110367	-0.556310257632587	0.0605754529039134	0.111958393042526
WT_PeakRegion_5173_chr14_49576445_49576905	-1.33911944360934	-1.17115291772957	4.36472807744528	0.0378620488935009	0.57637674805388	WT_PeakRegion_5173_chr14_49576445_49576905	-0.984295736936423	0.00948757667169431	0.0304758359039557
WT_PeakRegion_5628_chr16_46642810_46644370	-0.750025572571521	0.243328294620438	4.36192564289721	0.037923094223536	0.57637674805388	WT_PeakRegion_5628_chr16_46642810_46644370	-0.963087291286049	0.00228618761187303	0.0124142571915017
WT_PeakRegion_1474_chr4_105016210_105016745	-0.840021106989664	-0.208086885421246	4.36181241062123	0.0379255629413036	0.57637674805388	WT_PeakRegion_1474_chr4_105016210_105016745	-1.46653155554928	0.000923253275398713	0.00748447452153284
Shared_PeakRegion_1026_chr11_71196485_71198167	-0.706701454039358	0.713675463074251	4.36015183568283	0.0379617866999336	0.57637674805388	Shared_PeakRegion_1026_chr11_71196485_71198167	-0.675930051283248	0.0188440618163983	0.0489713846065771
WT_PeakRegion_6654_chrX_151893847_151894519	-1.12946559609127	-0.967512638427277	4.35690426305854	0.0380327348304582	0.57637674805388	WT_PeakRegion_6654_chrX_151893847_151894519	-1.20223784785846	0.00417996506144573	0.0179008726095267
Shared_PeakRegion_241_chr3_134543758_134545389	-0.794170479995659	0.0347752226085823	4.34292075001756	0.038339829102545	0.57637674805388	Shared_PeakRegion_241_chr3_134543758_134545389	-0.960077719337962	0.000963225140991888	0.00763570897588993
WT_PeakRegion_3005_chr7_46686688_46687362	-1.09044692290434	-0.923823825211056	4.34049159955132	0.038393442512663	0.57637674805388	WT_PeakRegion_3005_chr7_46686688_46687362	-0.727583599436486	0.0670066046265265	0.120193310318877
WT_PeakRegion_4602_chr12_93180542_93182165	-0.803925121350654	-0.0528044224152852	4.33259401361015	0.0385682968414148	0.57637674805388	WT_PeakRegion_4602_chr12_93180542_93182165	-1.0214006476521	0.00171920304403937	0.0107070005816663
Shared_PeakRegion_102_chr1_185978224_185979036	-0.898743257066201	-0.45620863264752	4.32918664728297	0.0386439962615404	0.57637674805388	Shared_PeakRegion_102_chr1_185978224_185979036	-0.773760389833719	0.0273270008701219	0.0633315868271191
WT_PeakRegion_6231_chr18_86376877_86377547	-1.34359043565231	-1.17298110389672	4.3275160326568	0.0386811686339686	0.57637674805388	WT_PeakRegion_6231_chr18_86376877_86377547	-0.707960296213753	0.0756030763006972	0.131979154786179
WT_PeakRegion_6538_chrX_97371936_97373052	-0.928790976375547	-0.593945540971044	4.32457107864257	0.0387467879843425	0.57637674805388	WT_PeakRegion_6538_chrX_97371936_97373052	-1.58128585729651	1.43552626319971e-05	0.000908350211070463
Shared_PeakRegion_29_chr1_64845051_64846860	-1.33878227594062	-1.16291597234133	4.31009197024863	0.0390711258687313	0.577686347433682	Shared_PeakRegion_29_chr1_64845051_64846860	-0.256641236631666	0.356333938381295	0.441427986738001
WT_PeakRegion_5388_chr15_37105053_37106217	-0.629456478285984	3.13444631060331	4.30756970028878	0.0391279185095873	0.577686347433682	WT_PeakRegion_5388_chr15_37105053_37106217	-1.08830579865445	0.00276208805004888	0.0138919487981278
WT_PeakRegion_5523_chr15_97819205_97819662	-0.695748823536215	0.675234425910493	4.29742903856993	0.039357132447739	0.578086703210924	WT_PeakRegion_5523_chr15_97819205_97819662	-2.06285626956685	4.00600062212485e-05	0.00156782994718494
WT_PeakRegion_4070_chr10_99202105_99202817	-0.905722874486991	-0.513825401512839	4.28807184339387	0.0395698964441219	0.578086703210924	WT_PeakRegion_4070_chr10_99202105_99202817	-0.780359240386081	0.0911532838623265	0.151735467954191
Shared_PeakRegion_850_chr8_19778540_19779390	-0.691218849928544	0.661370425086698	4.28697220830459	0.0395949796719811	0.578086703210924	Shared_PeakRegion_850_chr8_19778540_19779390	-0.460337166761887	0.0233998965938055	0.0564922794852051
WT_PeakRegion_6508_chrX_74511012_74512015	-0.956817639720448	-0.730426197398409	4.26860837285229	0.0400163615084321	0.580039109849995	WT_PeakRegion_6508_chrX_74511012_74512015	-0.867180433035237	0.0109731977394818	0.0337386800597573
WT_PeakRegion_1163_chr3_144491404_144492745	-0.781729943604542	0.092235021828919	4.26767574156097	0.0400378880475423	0.580039109849995	WT_PeakRegion_1163_chr3_144491404_144492745	-0.593307543414411	0.0700909877439689	0.124458320868849
WT_PeakRegion_657_chr2_100386876_100387893	-0.806826384662474	-0.0743962797863383	4.26195773550469	0.0401701362224882	0.580039109849995	WT_PeakRegion_657_chr2_100386876_100387893	-1.45953515425626	0.000281815519782846	0.00410172121658683
WT_PeakRegion_130_chr1_47053947_47054943	-0.862897363813581	-0.355371758348336	4.23267315094872	0.0408547209802839	0.580691029875278	WT_PeakRegion_130_chr1_47053947_47054943	-0.588769122984759	0.0945750630723024	0.155860057935904
WT_PeakRegion_3775_chr9_91156074_91156982	-0.944766475913063	-0.682481487550811	4.23004525153657	0.0409167538502589	0.580691029875278	WT_PeakRegion_3775_chr9_91156074_91156982	-1.2192559348584	0.0049037997335089	0.0198857486663556
Shared_PeakRegion_410_chr4_146409459_146411153	-0.964596034421907	-0.793344114683883	4.21889420264833	0.0411810906638359	0.580691029875278	Shared_PeakRegion_410_chr4_146409459_146411153	-0.325002224780748	0.115055783656759	0.180171082676493
WT_PeakRegion_1256_chr4_18534067_18535013	-0.843855092159787	-0.247035856648117	4.21174614776191	0.0413514860480252	0.580691029875278	WT_PeakRegion_1256_chr4_18534067_18535013	-0.671970702839136	0.0456024491057383	0.0910756151389788
WT_PeakRegion_5821_chr17_13734166_13735072	-0.668469848635836	0.792117765524504	4.2109671039629	0.0413701019393384	0.580691029875278	WT_PeakRegion_5821_chr17_13734166_13735072	-0.541375093127201	0.0186098983884882	0.0486157716368738
Q111_PeakRegion_1004_chr8_125332983_125333796	0.85029175945524	-0.36864231345001	4.20915739470364	0.0414133806694129	0.580691029875278	Q111_PeakRegion_1004_chr8_125332983_125333796	-0.0992381038228284	0.791791686815696	0.834516532473714
Shared_PeakRegion_1077_chr12_93409915_93411196	-0.870769881731128	-0.388329172553147	4.20833453496441	0.0414330749924268	0.580691029875278	Shared_PeakRegion_1077_chr12_93409915_93411196	-0.831016177060096	0.00872225472520117	0.029051956254511
Shared_PeakRegion_277_chr4_10064051_10065326	-0.624507833439886	1.47365790851126	4.19310797056465	0.041799302072281	0.580691029875278	Shared_PeakRegion_277_chr4_10064051_10065326	-0.5102311441881	0.00959100224007707	0.0307581549835795
WT_PeakRegion_1600_chr4_145230062_145230948	-0.849739268827316	-0.361323317920798	4.17648662620047	0.0422029915243146	0.580691029875278	WT_PeakRegion_1600_chr4_145230062_145230948	-1.35493161949803	3.63264551310373e-05	0.00148209131802962
WT_PeakRegion_5249_chr14_80063451_80064682	-0.79096117294143	-0.0884637911660115	4.17148232164129	0.0423253401211612	0.580691029875278	WT_PeakRegion_5249_chr14_80063451_80064682	-0.255926139496165	0.487282549814296	0.565961167716824
WT_PeakRegion_2649_chr6_127563349_127563867	-0.710022110135346	0.39837663104791	4.1678821178548	0.0424135926071661	0.580691029875278	WT_PeakRegion_2649_chr6_127563349_127563867	-1.84447340898374	0.000154943244395056	0.00304894834920401
WT_PeakRegion_5827_chr17_14514634_14515272	-0.74835082212452	0.205211929601402	4.16650980772195	0.0424472835899087	0.580691029875278	WT_PeakRegion_5827_chr17_14514634_14515272	-1.12363545039882	0.0034215562519565	0.0158368746887535
WT_PeakRegion_1558_chr4_134063133_134064107	-0.71439109174777	0.441629781863458	4.16471959780979	0.042491276856916	0.580691029875278	WT_PeakRegion_1558_chr4_134063133_134064107	-1.12610775584243	0.00144056296581538	0.00967732286063012
Shared_PeakRegion_1280_chr16_27423462_27425628	-0.769543990814758	0.170259197304634	4.15867831313357	0.0426400943860659	0.580691029875278	Shared_PeakRegion_1280_chr16_27423462_27425628	-0.738598196782965	0.0127864039125244	0.0376257115409761
WT_PeakRegion_1156_chr3_139227769_139228977	-0.858723537753954	-0.404077466840626	4.1573052651601	0.0426739941912898	0.580691029875278	WT_PeakRegion_1156_chr3_139227769_139228977	-0.992158362736671	0.00500161907559397	0.0200045831838764
WT_PeakRegion_6100_chr18_21810907_21811644	-0.628564829044006	2.49030084648165	4.15703843597825	0.0426805853704955	0.580691029875278	WT_PeakRegion_6100_chr18_21810907_21811644	-1.53364453866315	0.000111091517725691	0.00255752520219472
Shared_PeakRegion_566_chr5_95322096_95323915	-1.10276861342873	-0.978848857442202	4.1503129776919	0.0428470733940578	0.580691029875278	Shared_PeakRegion_566_chr5_95322096_95323915	-0.213589157218546	0.341661563223206	0.426250028167605
WT_PeakRegion_929_chr3_28412746_28413635	-0.992921877625226	-0.844755393205746	4.12489831494174	0.0434824501540818	0.580691029875278	WT_PeakRegion_929_chr3_28412746_28413635	-1.00162566051488	0.00634645879067619	0.0233614289739312
WT_PeakRegion_1180_chr3_152149171_152149813	-0.808246525036465	-0.160287364327297	4.11453898799135	0.0437442950929537	0.580691029875278	WT_PeakRegion_1180_chr3_152149171_152149813	-0.529776627498469	0.186553591118191	0.26200316285831
Shared_PeakRegion_1058_chr12_45583868_45585220	-0.89226215298435	-0.556770300551473	4.10724743531288	0.0439296001295862	0.580691029875278	Shared_PeakRegion_1058_chr12_45583868_45585220	-0.892022386777846	0.00669395951887705	0.0243243020068686
WT_PeakRegion_2931_chr7_33425396_33426383	-1.25994207003502	-1.11911832468562	4.10646234140612	0.043949601804297	0.580691029875278	WT_PeakRegion_2931_chr7_33425396_33426383	-0.515335252041279	0.124513059958003	0.191406678000614
WT_PeakRegion_1407_chr4_75859688_75860793	-0.896504648140363	-0.520903401475512	4.08598584106746	0.044474702169277	0.580691029875278	WT_PeakRegion_1407_chr4_75859688_75860793	-0.830320833676019	0.018842926507118	0.0489713846065771
WT_PeakRegion_1365_chr4_61510823_61511372	-1.24626462451607	-1.12563843764387	4.08543876388056	0.0444888223603858	0.580691029875278	WT_PeakRegion_1365_chr4_61510823_61511372	-0.827099294972643	0.0202845684941551	0.0512887205059337
WT_PeakRegion_6526_chrX_84329118_84330007	-0.892428229174738	-0.556684256675658	4.08356099394292	0.044537324221611	0.580691029875278	WT_PeakRegion_6526_chrX_84329118_84330007	-1.8233398584004	1.98790211338758e-05	0.00107174294041666
WT_PeakRegion_5194_chr14_55037396_55037864	0.858909434860974	-0.499599082704958	4.08323868241416	0.0445456550051311	0.580691029875278	WT_PeakRegion_5194_chr14_55037396_55037864	-0.490015792117447	0.190245740111365	0.266233179149357
WT_PeakRegion_5436_chr15_56739580_56740088	-1.20475615542425	-1.07396226555982	4.08055949307035	0.0446149679909075	0.580691029875278	WT_PeakRegion_5436_chr15_56739580_56740088	-1.00705261645395	0.0124589869105076	0.0368572549505415
WT_PeakRegion_1067_chr3_87301189_87301580	-0.761209490843719	0.0208224163177154	4.07636273320767	0.044723771889948	0.580691029875278	WT_PeakRegion_1067_chr3_87301189_87301580	-1.11678345314841	0.0159720276741678	0.0436791967994129
WT_PeakRegion_1309_chr4_46365988_46366710	-0.61356508169053	2.27936900245511	4.07329435661315	0.0448034997671445	0.580691029875278	WT_PeakRegion_1309_chr4_46365988_46366710	-1.94455640175655	1.97947163124309e-06	0.000348617945455762
WT_PeakRegion_1565_chr4_138894019_138894292	-0.624536791870567	1.39343963327193	4.06903049205634	0.0449145412943531	0.580691029875278	WT_PeakRegion_1565_chr4_138894019_138894292	-1.60453343622659	5.19251401068873e-05	0.00173733713482169
WT_PeakRegion_5473_chr15_73700825_73701163	-0.832477136960284	-0.327600885722455	4.06011999839582	0.0451475361404155	0.580691029875278	WT_PeakRegion_5473_chr15_73700825_73701163	-2.38694875141492	8.67259858321983e-06	0.000710901954110544
WT_PeakRegion_375_chr1_149928096_149929271	-0.879840894445812	-0.568954536194618	4.05495839372084	0.0452830899447638	0.580691029875278	WT_PeakRegion_375_chr1_149928096_149929271	-1.12867519743671	0.00125872637309769	0.00887914658512901
WT_PeakRegion_2196_chr5_96149412_96151105	-0.696615591713519	0.43822100989304	4.05200022492997	0.045360971840779	0.580691029875278	WT_PeakRegion_2196_chr5_96149412_96151105	-1.07167640095407	0.000690244159614393	0.00643760815061367
Shared_PeakRegion_954_chr10_5263370_5265698	-0.959949110828803	-0.787844125580482	4.04620038854303	0.0455140812572106	0.580691029875278	Shared_PeakRegion_954_chr10_5263370_5265698	-0.454147812163754	0.0792319725714522	0.136675746188905
WT_PeakRegion_1887_chr5_50709436_50710281	-0.895944639174991	-0.606738784618086	4.04454721327073	0.0455578236721289	0.580691029875278	WT_PeakRegion_1887_chr5_50709436_50710281	-0.707975009597084	0.0755937474177329	0.131979154786179
Shared_PeakRegion_1437_chr19_13194212_13195180	-0.985577665660126	-0.847825203316552	4.03529493530158	0.0458034606232532	0.580691029875278	Shared_PeakRegion_1437_chr19_13194212_13195180	-0.821810115735998	0.0186148956813762	0.0486168073813896
Shared_PeakRegion_1154_chr14_11328204_11329730	-0.646328659978996	0.963909648794806	4.02137822752997	0.0461755838200217	0.580691029875278	Shared_PeakRegion_1154_chr14_11328204_11329730	-1.23707721288377	0.000179340563145661	0.0032505861591084
WT_PeakRegion_4477_chr12_34467276_34467981	-0.704163979385819	0.339101773143677	4.0189933623777	0.0462396749673912	0.580691029875278	WT_PeakRegion_4477_chr12_34467276_34467981	-1.43940788470299	0.000558665287278676	0.0057062106297813
WT_PeakRegion_4094_chr10_111610385_111611751	-0.663952057955306	0.734105062521004	4.01283062373048	0.0464057309348181	0.580691029875278	WT_PeakRegion_4094_chr10_111610385_111611751	-1.15665795620266	0.00152422980258887	0.0100102773921421
Shared_PeakRegion_1330_chr17_13410518_13413787	-0.607296964040901	1.54001219061384	4.00650414586291	0.0465768577568004	0.580691029875278	Shared_PeakRegion_1330_chr17_13410518_13413787	-0.55465461345576	0.000833114380462543	0.0070541022903427
Q111_PeakRegion_164_chr2_147473701_147474151	-0.933332783435324	-0.760884733828046	4.00482798084084	0.0466223090642412	0.580691029875278	Q111_PeakRegion_164_chr2_147473701_147474151	0.155549762224539	0.697582372713995	0.753871234656247
Shared_PeakRegion_1288_chr16_54523711_54524787	-1.00897769883024	-0.893627579243036	3.98573678075371	0.0471433276397773	0.580691029875278	Shared_PeakRegion_1288_chr16_54523711_54524787	-0.612522916778843	0.0752560721773778	0.131638952937982
WT_PeakRegion_4177_chr11_18097666_18099135	-0.760543439330091	-0.00992639244788412	3.97333351291679	0.0474851378965611	0.580691029875278	WT_PeakRegion_4177_chr11_18097666_18099135	-1.16410281046167	0.000228344197181883	0.00370078701168858
Shared_PeakRegion_1017_chr11_46317312_46318571	-0.726048121841669	0.17961057503418	3.96479908322155	0.0477218592231383	0.580691029875278	Shared_PeakRegion_1017_chr11_46317312_46318571	-1.01105073834724	0.00157495090827195	0.0101976141223712
WT_PeakRegion_3997_chr10_61874377_61874911	-0.665633049964939	0.695343832411855	3.95914279449005	0.0478794397799426	0.580691029875278	WT_PeakRegion_3997_chr10_61874377_61874911	-1.48945385486026	0.000257959769547106	0.00392686713607596
WT_PeakRegion_423_chr1_176184173_176185090	-0.833879798888171	-0.363734751390267	3.94073665683898	0.048396062942256	0.580691029875278	WT_PeakRegion_423_chr1_176184173_176185090	-1.317712667562	0.000548252620149907	0.00568536353005306
WT_PeakRegion_1587_chr4_145053226_145053631	-0.872100459636171	-0.574823944432468	3.94005919443885	0.0484151906642151	0.580691029875278	WT_PeakRegion_1587_chr4_145053226_145053631	-1.09514066716092	0.00304288350036259	0.0147903173635379
WT_PeakRegion_6441_chrX_33400231_33401459	-0.854024142960552	-0.481603254013782	3.93814500024754	0.0484692801828725	0.580691029875278	WT_PeakRegion_6441_chrX_33400231_33401459	-1.13002772284699	0.00256636316898581	0.0133292020978023
WT_PeakRegion_504_chr2_12562644_12563637	-0.840648323112481	-0.326055392038306	3.93740318212501	0.0484902590617698	0.580691029875278	WT_PeakRegion_504_chr2_12562644_12563637	-1.24017639696467	0.000640310146337758	0.00609688210366083
WT_PeakRegion_5318_chr14_124278933_124280042	-0.940688731415207	-0.808594484942921	3.92340047391422	0.0488880773833071	0.580691029875278	WT_PeakRegion_5318_chr14_124278933_124280042	-1.10542543542089	0.00245415298316102	0.0129794967833146
WT_PeakRegion_1028_chr3_68528743_68529928	-0.784196713740345	-0.0924447484000982	3.91255678423985	0.049198532231564	0.580691029875278	WT_PeakRegion_1028_chr3_68528743_68529928	-1.14249295339488	0.00238393489916322	0.0127440863298348
WT_PeakRegion_5433_chr15_55227662_55228648	-0.70969701720348	0.269369683316762	3.89536335868268	0.0496950871164772	0.580691029875278	WT_PeakRegion_5433_chr15_55227662_55228648	-1.20701808817573	0.00281236503841538	0.0139982389830124
WT_PeakRegion_5466_chr15_71924640_71925737	-0.791465781734159	-0.198991739551439	3.88745334197561	0.0499253210781573	0.580691029875278	WT_PeakRegion_5466_chr15_71924640_71925737	-0.344033797695673	0.305197530582474	0.388416512786342
WT_PeakRegion_3085_chr7_69831236_69832240	-0.795438902427389	-0.237883242677662	3.88517049474915	0.0499919779764033	0.580691029875278	WT_PeakRegion_3085_chr7_69831236_69832240	-0.810506445162251	0.0240328070550904	0.0576383731618567
