Trinucleotide.Change	WT1_2n	WT1_bulk	WT2_2n	WT2_bulk	WT3_bulk	LKO1_2n	LKO1_bulk	LKO2_2n	LKO2_bulk	LKO3_backup	LKO3_bulk	LKO4_2n	LKO4_bulk
A[C>A]A	59	2676	1182	1039	1547	4279	2911	3309	1491	1652	45	491	3018
A[C>A]C	42	1281	636	529	862	2669	1676	2022	772	895	46	264	1699
A[C>A]G	7	432	225	189	300	938	613	675	305	340	38	97	595
A[C>A]T	57	1726	651	548	909	2824	1792	2668	910	1023	35	367	1799
C[C>A]A	58	1900	858	663	1104	3717	2288	3036	1116	1326	65	421	2329
C[C>A]C	61	1359	784	497	822	3136	1860	2895	849	1061	44	392	1894
C[C>A]G	11	420	279	180	314	1061	622	892	326	334	11	99	637
C[C>A]T	49	1685	812	641	939	3674	1995	3548	1016	1166	56	457	2036
G[C>A]A	22	1581	720	520	804	3009	1840	2309	905	1019	33	288	1788
G[C>A]C	37	931	534	262	421	2309	966	2101	488	557	27	259	1131
G[C>A]G	12	273	189	83	181	836	351	660	192	199	6	71	381
G[C>A]T	49	1371	669	461	776	2902	1517	2640	777	957	40	359	1629
T[C>A]A	47	1788	620	531	922	2874	1612	2811	863	965	24	424	1704
T[C>A]C	48	1434	698	491	829	2839	1488	2761	787	907	39	373	1580
T[C>A]G	11	330	189	122	234	787	439	679	223	257	9	69	449
T[C>A]T	59	2353	930	758	1248	4125	2167	3869	1135	1292	65	549	2330
A[C>G]A	51	1884	1038	777	1196	4119	2412	3528	1172	1354	34	464	2526
A[C>G]C	37	872	503	366	582	2321	1137	2255	584	639	32	301	1211
A[C>G]G	5	292	197	150	201	752	434	647	224	256	8	65	430
A[C>G]T	50	1310	600	468	875	3096	1664	3255	848	953	41	388	1748
C[C>G]A	42	620	382	272	426	2047	804	2202	438	466	20	294	865
C[C>G]C	46	340	316	133	233	1441	534	1741	278	257	11	226	545
C[C>G]G	9	140	100	59	79	495	208	551	109	116	2	64	198
C[C>G]T	34	584	326	236	381	1738	731	1925	393	434	24	243	773
G[C>G]A	29	984	531	393	663	2418	1421	2157	688	777	28	272	1428
G[C>G]C	28	579	415	202	368	2118	806	2399	436	466	39	275	918
G[C>G]G	1	227	178	93	117	542	302	531	139	193	8	58	298
G[C>G]T	42	964	491	382	594	2273	1194	2163	579	727	31	250	1335
T[C>G]A	67	1259	563	432	740	2862	1330	3050	668	808	26	430	1388
T[C>G]C	63	949	519	363	623	2680	1237	2991	647	672	28	378	1288
T[C>G]G	13	263	215	121	198	805	411	674	222	239	11	77	442
T[C>G]T	69	1684	979	689	1040	3964	2278	3460	1103	1268	30	437	2322
A[C>T]A	124	4910	2491	2001	3122	10371	6887	7682	3395	3917	152	1020	6550
A[C>T]C	68	2721	1410	1243	1963	5950	4009	4173	1900	2188	66	525	3738
A[C>T]G	24	1126	658	498	797	2886	1799	1919	962	1087	54	233	1772
A[C>T]T	85	3685	1704	1517	2595	7019	5090	4892	2487	2901	92	633	4776
C[C>T]A	82	3858	2137	1537	2555	9390	5557	6888	2554	2989	109	774	5330
C[C>T]C	69	2480	1562	978	1651	6313	3775	4772	1873	2079	48	556	3577
C[C>T]G	32	1158	939	467	720	3772	1834	2597	1004	1037	49	239	1963
C[C>T]T	57	3430	1951	1506	2430	8188	5159	5581	2525	2850	104	650	4955
G[C>T]A	72	2543	1482	1044	1693	6326	3766	4696	1861	2066	50	553	3833
G[C>T]C	34	1924	1356	765	1254	5577	2973	4093	1373	1658	60	425	2951
G[C>T]G	17	880	801	365	490	3038	1355	2100	627	721	23	216	1411
G[C>T]T	72	2933	1480	1181	1892	6353	4122	4270	1938	2266	103	590	4006
T[C>T]A	57	3674	1675	1494	2472	7470	5128	5277	2414	2766	145	642	4806
T[C>T]C	67	3252	1960	1460	2405	7680	5232	5298	2456	3007	107	681	4811
T[C>T]G	24	1202	1059	527	813	4138	1967	2817	1007	1074	27	297	1975
T[C>T]T	73	4502	2535	1831	3055	9995	6201	6890	3056	3528	197	841	6139
A[T>A]A	41	1917	768	722	1208	3293	2091	2753	1046	1231	42	361	2203
A[T>A]C	33	1338	660	557	913	2676	1769	2203	899	1038	38	310	1752
A[T>A]G	35	1815	871	640	1071	3751	2180	3192	1049	1264	53	453	2185
A[T>A]T	112	2315	1225	906	1599	5135	3094	4753	1614	1768	72	663	2838
C[T>A]A	28	1443	687	623	947	2986	1818	2628	961	1038	30	353	1753
C[T>A]C	47	1592	1080	660	999	4328	2256	3823	1191	1280	31	508	2147
C[T>A]G	107	2084	1296	746	1303	6308	2651	6431	1315	1555	44	781	2762
C[T>A]T	117	1830	918	721	1158	4207	2225	4317	1136	1227	51	557	2125
G[T>A]A	28	1292	589	481	799	2553	1584	2226	761	797	24	259	1558
G[T>A]C	51	1159	781	405	764	3276	1776	3232	877	1023	31	389	1671
G[T>A]G	76	1546	981	613	985	4394	2194	3834	1023	1280	51	423	2258
G[T>A]T	49	1434	747	579	882	3067	1741	3023	902	1007	65	411	1782
T[T>A]A	72	1432	570	492	827	3149	1461	3476	736	762	18	478	1437
T[T>A]C	90	1468	659	496	877	3093	1608	3365	791	924	31	429	1607
T[T>A]G	74	1683	765	590	1066	3685	1903	3728	971	1087	32	482	1890
T[T>A]T	163	2227	1053	758	1325	4656	2180	5784	1193	1276	40	834	2192
A[T>C]A	58	3798	2198	1616	2781	9235	5940	5947	2789	3202	116	725	6044
A[T>C]C	76	2490	1375	993	1812	5901	3678	4059	1810	1965	72	433	3666
A[T>C]G	58	2030	1253	865	1353	5517	3090	3797	1492	1709	61	396	3212
A[T>C]T	50	3204	1576	1431	2364	6562	4669	4301	2315	2632	98	540	4609
C[T>C]A	46	2707	1693	1189	1893	7031	4171	4836	2038	2279	92	535	4124
C[T>C]C	75	2050	1593	831	1329	6678	3346	4930	1592	1824	55	554	3433
C[T>C]G	82	2198	1787	853	1341	7761	3440	5746	1684	1814	61	556	3665
C[T>C]T	76	3208	2022	1385	2295	8705	4999	6000	2387	2863	96	647	4982
G[T>C]A	36	1726	1047	636	1187	4694	2592	3648	1120	1386	33	368	2707
G[T>C]C	30	1620	1330	596	1040	6106	2515	4454	1243	1379	36	418	2721
G[T>C]G	47	1546	1245	497	806	5794	2208	4706	938	1152	36	389	2512
G[T>C]T	44	2370	1388	964	1673	6218	3401	4373	1697	1976	72	509	3502
T[T>C]A	45	2669	1114	1049	1909	5157	3805	3617	1808	2088	83	470	3600
T[T>C]C	85	3161	1939	1409	2163	8150	5050	5808	2337	2734	86	602	4699
T[T>C]G	65	2511	1766	904	1614	7494	3648	5300	1849	2074	67	560	3753
T[T>C]T	114	4048	2487	1652	2900	10212	6014	7252	2859	3244	133	853	6037
A[T>G]A	38	1695	735	699	1012	3326	2107	2423	1063	1130	28	298	2233
A[T>G]C	56	1054	665	409	679	2829	1498	2592	676	826	19	285	1534
A[T>G]G	40	1370	757	544	859	3330	1785	2642	875	981	38	359	1935
A[T>G]T	28	1375	615	539	855	2742	1649	2432	857	911	39	288	1715
C[T>G]A	15	495	317	222	378	1420	655	1356	348	356	22	148	673
C[T>G]C	26	425	342	145	271	1963	624	2082	321	340	21	219	664
C[T>G]G	22	683	448	257	419	2345	937	2290	451	529	26	276	1031
C[T>G]T	33	636	383	264	434	1730	945	1796	427	521	49	242	916
G[T>G]A	25	983	535	408	608	2352	1305	1795	653	721	14	199	1383
G[T>G]C	29	654	500	216	378	2344	831	2168	376	469	12	275	982
G[T>G]G	32	1147	865	470	652	3216	1644	2938	823	948	33	305	1683
G[T>G]T	50	1119	614	456	789	2702	1553	2108	750	838	29	270	1653
T[T>G]A	28	1095	469	433	653	2021	1336	1809	616	673	30	252	1339
T[T>G]C	54	1049	571	424	669	2998	1353	2925	690	766	25	367	1407
T[T>G]G	38	1417	778	522	925	3332	1851	2759	891	1051	26	305	1900
T[T>G]T	51	1876	895	765	1194	3814	2364	3222	1171	1294	75	458	2553
