Sample.ID	C>A	C>G	C>T	T>A	T>C	T>G	C>T at CpG	C>T other
WT1_2n	629	586	957	1123	987	565	97	860
WT1_bulk	21540	12951	44278	26575	41336	17073	4366	39912
WT2_2n	9976	7353	25200	13650	25813	9489	3457	21743
WT2_bulk	7514	5136	18414	9989	16870	6773	1857	16557
WT3_bulk	12212	8316	29907	16723	28460	10775	2820	27087
LKO1_2n	41979	33671	104466	60557	111215	42464	13834	90632
LKO1_bulk	24137	16903	64854	32531	62566	22437	6955	57899
LKO2_2n	36875	33529	73945	58768	78774	37337	9433	64512
LKO2_bulk	12155	8528	31432	16465	29958	10988	3600	27832
LKO3_backup	13950	9625	36134	18557	34321	12354	3919	32215
LKO3_bulk	583	373	1386	653	1197	486	153	1233
LKO4_2n	4980	4222	8875	7691	8555	4546	985	7890
LKO4_bulk	24999	17715	62593	32160	63266	23601	7121	55472
